1705315316.172579
1705315316.672562
1705315317.172561
1705315317.672556
1705315318.172557
1705315318.672521
1705315319.172592
1705315319.672814
1705315320.172611
1705315320.672802
1705315321.172581
1705315321.672621
1705315322.172975
1705315322.672704
1705315323.172589
1705315323.673080
1705315324.172589
1705315324.672670
1705315325.172711
1705315325.672662
1705315326.172799
1705315326.672553
1705315327.172559
1705315327.672671
1705315328.172630
1705315328.672683
1705315329.172581
1705315329.672876
1705315330.172698
1705315330.672627
1705315331.172714
1705315331.672694
1705315332.172918
1705315332.672710
1705315333.172629
1705315333.672881
1705315334.172566
1705315334.672891
1705315335.172634
1705315335.672577
1705315336.172659
1705315336.672667
1705315337.172960
1705315337.672849
1705315338.172741
1705315338.672621
1705315339.172620
1705315339.672824
1705315340.172676
1705315340.672833
1705315341.172581
1705315341.672739
1705315342.172888
1705315342.672821
1705315343.172729
1705315343.672809
1705315344.172604
1705315344.672661
1705315345.172951
1705315345.672808
1705315346.172830
1705315346.672634
1705315347.172791
1705315347.672747
1705315348.172672
1705315348.673006
1705315349.172696
1705315349.672881
1705315350.172783
1705315350.672847
1705315351.172564
1705315351.672887
1705315352.172888
1705315352.672763
1705315353.172892
1705315353.672696
1705315354.172634
1705315354.672930
1705315355.172653
1705315355.672733
1705315356.172870
1705315356.672744
1705315357.172895
1705315357.672719
1705315358.172612
1705315358.672875
1705315359.172708
1705315359.672863
1705315360.172666
1705315360.672831
1705315361.172719
1705315361.672726
1705315362.172735
1705315362.672929
1705315363.172948
1705315363.672709
1705315364.172650
1705315364.672823
1705315365.172902
1705315365.672945
1705315366.172902
1705315366.672840
1705315367.172838
1705315367.672875
1705315368.172727
1705315368.672828
1705315369.172962
1705315369.672671
1705315370.172622
1705315370.672719
1705315371.172961
1705315371.672794
1705315372.172885
1705315372.672868
1705315373.172939
1705315373.672504
1705315374.172906
1705315374.672830
1705315375.172814
1705315375.672948
1705315376.172661
1705315376.672555
1705315377.172763
1705315377.672674
1705315378.172598
1705315378.672833
1705315379.172618
1705315379.672585
1705315380.172827
1705315380.672674
1705315381.172560
1705315381.672728
1705315382.172732
1705315382.672902
1705315383.172775
1705315383.672842
1705315384.172820
1705315384.672768
1705315385.172863
1705315385.672577
1705315386.172841
1705315386.672661
1705315387.172854
1705315387.672893
1705315388.172736
1705315388.672825
1705315389.172725
1705315389.672778
1705315390.172796
1705315390.672860
1705315391.172880
1705315391.672839
1705315392.172725
1705315392.672869
1705315393.172892
1705315393.672730
1705315394.172655
1705315394.672723
1705315395.172678
1705315395.672876
1705315396.172658
1705315396.672690
1705315397.172683
1705315397.672706
1705315398.172904
1705315398.672618
1705315399.172923
1705315399.672795
1705315400.172838
1705315400.672731
1705315401.172865
1705315401.672723
1705315402.172892
1705315402.672828
1705315403.172990
1705315403.672808
1705315404.172836
1705315404.672809
1705315405.172857
1705315405.672799
1705315406.172861
1705315406.672731
1705315407.172903
1705315407.672838
1705315408.172729
1705315408.672856
1705315409.172754
1705315409.672709
1705315410.172794
1705315410.672712
1705315411.172798
1705315411.672729
1705315412.172747
1705315412.672831
1705315413.172953
1705315413.672873
1705315414.172840
1705315414.672839
1705315415.172836
1705315415.672805
1705315416.172724
1705315416.672752
1705315417.172802
1705315417.672839
1705315418.172911
1705315418.672808
1705315419.172744
1705315419.672815
1705315420.172882
1705315420.672851
1705315421.172783
1705315421.672842
1705315422.172964
1705315422.672818
1705315423.172852
1705315423.672838
1705315424.172889
1705315424.672878
1705315425.172972
1705315425.672763
1705315426.172889
1705315426.672808
1705315427.172850
1705315427.672870
1705315428.172686
1705315428.672758
1705315429.172894
1705315429.672799
1705315430.172850
1705315430.672841
1705315431.172881
1705315431.672852
1705315432.172791
1705315432.672789
1705315433.172887
1705315433.672831
1705315434.172864
1705315434.672918
1705315435.172995
1705315435.673002
1705315436.172871
1705315436.672843
1705315437.172737
1705315437.672810
1705315438.172795
1705315438.672806
1705315439.172947
1705315439.672849
1705315440.172765
1705315440.672832
1705315441.172882
1705315441.672895
1705315442.172960
1705315442.672788
1705315443.172843
1705315443.672781
1705315444.172776
1705315444.672862
1705315445.172839
1705315445.672831
1705315446.172927
1705315446.672895
1705315447.172821
1705315447.672806
1705315448.172895
1705315448.672884
1705315449.172880
1705315449.672814
1705315450.172754
1705315450.672880
1705315451.172955
1705315451.672886
1705315452.172836
1705315452.672748
1705315453.172869
1705315453.672940
1705315454.172886
1705315454.672751
1705315455.172653
1705315455.672772
1705315456.172883
1705315456.672988
1705315457.172937
1705315457.672732
1705315458.172765
1705315458.672842
1705315459.172965
1705315459.672855
1705315460.172925
1705315460.672829
1705315461.172848
1705315461.672664
1705315462.172776
1705315462.672775
1705315463.172686
1705315463.672677
1705315464.172951
1705315464.672598
1705315465.172900
1705315465.672915
1705315466.172785
1705315466.672893
1705315467.172889
1705315467.672746
1705315468.172865
1705315468.672916
1705315469.172893
1705315469.672835
1705315470.172934
1705315470.672784
1705315471.172850
1705315471.672881
1705315472.172867
1705315472.672775
1705315473.172705
1705315473.672883
1705315474.172895
1705315474.672898
1705315475.172883
1705315475.672858
1705315476.172952
1705315476.672906
1705315477.172883
1705315477.672771
1705315478.172885
1705315478.672960
1705315479.172664
1705315479.672815
1705315480.172976
1705315480.672807
1705315481.172829
1705315481.672744
1705315482.172747
1705315482.672920
1705315483.172958
1705315483.672842
1705315484.172755
1705315484.672736
1705315485.172845
1705315485.672723
1705315486.172768
1705315486.672843
1705315487.172588
1705315487.673006
1705315488.172849
1705315488.672788
1705315489.172767
1705315489.672831
1705315490.172763
1705315490.672873
1705315491.172656
1705315491.672844
1705315492.172872
1705315492.672936
1705315493.172992
1705315493.672831
1705315494.172849
1705315494.672582
1705315495.172748
1705315495.672851
1705315496.172698
1705315496.672812
1705315497.172904
1705315497.672820
1705315498.172911
1705315498.672894
1705315499.172837
1705315499.672881
1705315500.172621
1705315500.672764
1705315501.172952
1705315501.672900
1705315502.172628
1705315502.672898
1705315503.172875
1705315503.672875
1705315504.172680
1705315504.672732
1705315505.172945
1705315505.672886
1705315506.172827
1705315506.672732
1705315507.172894
1705315507.672844
1705315508.172703
1705315508.672887
1705315509.172939
1705315509.672899
1705315510.172877
1705315510.672878
1705315511.172801
1705315511.672872
1705315512.172853
1705315512.672780
1705315513.172968
1705315513.672647
1705315514.172791
1705315514.672925
1705315515.172915
1705315515.672865
1705315516.172572
1705315516.672759
1705315517.172735
1705315517.672824
1705315518.172881
1705315518.672893
1705315519.172725
1705315519.672699
1705315520.172814
1705315520.672853
1705315521.172862
1705315521.672679
1705315522.172912
1705315522.672828
1705315523.172964
1705315523.672929
1705315524.172771
1705315524.672913
1705315525.172928
1705315525.672752
