0.242334 -0.014250
0.230751 -0.301848
0.208827 0.016207
0.219933 -0.086055
0.254341 0.020265
0.255797 0.061062
0.232275 0.041766
0.245981 0.186713
0.253362 0.045961
0.247127 -0.018792
0.258191 0.119142
0.150173 0.000000
0.108359 0.011292
0.224577 -0.061267
0.215160 -0.007753
0.268016 -0.073042
0.262946 0.000000
0.264701 0.277415
0.228902 0.253813
0.248444 0.459295
0.250611 0.521317
0.229507 0.626187
0.231698 0.509689
0.238346 0.512866
0.248271 0.310227
0.240821 0.284952
0.248979 -0.128132
0.269221 -0.025015
0.259719 -0.049112
0.181013 -0.063092
0.243279 -0.277042
0.256192 -0.047427
0.249051 0.115360
0.248883 0.269959
0.269418 0.377999
0.274626 0.239063
0.286567 0.428695
0.248614 0.445007
0.244914 0.324201
0.258436 0.365648
0.260941 0.110889
0.256026 0.065603
0.257758 0.015984
0.255909 -0.358030
0.250618 -0.229322
0.257206 -0.407831
0.257257 -0.327144
0.251339 -0.249345
0.261517 -0.269450
0.260402 -0.229074
0.228565 -0.270015
0.255344 -0.266223
0.246941 -0.174666
0.259961 -0.110900
0.241758 -0.129618
0.258984 -0.181963
0.254856 -0.017763
0.276490 0.019328
0.212853 -0.001220
0.167690 0.033984
0.001231 0.000000
0.000295 0.000000
0.000000 0.000000
0.000000 0.000000
0.000016 0.000135
0.000000 0.000000
0.132563 -0.060012
0.000000 0.303755
0.000000 -1.627766
0.000000 -1.203854
0.000000 -0.819095
0.000000 0.589154
0.000000 0.714189
0.000000 -0.370690
0.000000 0.210702
0.000000 -1.322157
0.000000 -0.345010
0.000000 -0.648744
0.000000 -1.696173
0.000000 -0.322536
0.000000 -1.513656
0.000000 0.248439
0.000000 -1.108191
0.000000 0.245807
0.000000 0.369365
0.000000 0.414426
0.000000 -0.863816
0.000000 -0.308682
0.000000 0.340019
0.000000 0.405714
0.000000 -0.261219
0.000000 0.000634
0.002604 -0.038394
0.000560 0.003627
0.000000 0.000000
0.000000 0.000000
0.000011 -0.000108
0.000000 0.000000
0.000000 0.000000
0.000000 0.000000
0.000000 0.000000
0.000000 0.000000
0.000295 0.000000
0.000000 0.000000
0.000000 0.000000
0.000000 0.000000
0.000000 0.000000
0.000000 0.000000
0.000000 0.000000
0.000000 0.000000
0.000018 -0.000142
0.000000 0.000000
0.000000 0.000000
0.000000 0.000000
0.000000 0.000000
0.000000 0.000000
0.000000 0.000000
0.000000 0.000000
0.000000 0.000000
0.000000 0.000000
0.000000 0.000000
0.000000 0.000000
0.000000 0.000000
0.000000 0.000000
0.000000 0.000000
0.000000 0.000000
0.000000 0.000000
0.000000 0.000000
0.000000 0.000000
0.000000 0.000000
0.000000 0.000000
0.000000 0.000000
0.000000 0.000000
0.000000 -0.000000
0.000000 0.000000
0.000000 -0.000000
0.000000 -0.000000
0.000000 0.000000
0.000000 -0.000000
0.000000 0.000000
0.000000 0.000000
0.000000 -0.000000
0.000000 0.000000
0.000000 -0.000000
0.000000 0.000000
0.000000 0.000000
0.000000 -0.000000
0.000000 0.000000
0.000000 -0.000000
0.000000 -0.000000
0.000000 0.000000
0.000000 -0.000000
0.000000 0.000000
0.000000 0.000000
0.000000 -0.000000
0.000000 0.000000
0.000000 0.000000
0.000000 -0.000000
0.000000 0.000000
0.000000 -0.000000
0.000000 0.000000
0.000000 0.000000
0.000000 -0.000000
0.000000 0.000000
0.000000 0.000000
0.000000 -0.000000
0.000000 0.000000
0.000000 -0.000000
0.000000 0.000000
0.000000 0.000000
0.000000 -0.000000
0.000000 0.000000
0.000000 0.000000
0.000000 0.000000
0.000000 0.000000
0.000000 0.000000
0.000000 0.000000
0.000000 0.000000
0.000000 0.000000
0.000000 0.000000
0.000000 0.000000
0.000000 0.000000
0.000000 0.000000
0.000000 0.000000
0.000000 0.000000
0.000000 0.000000
0.000000 0.000000
0.000000 0.000000
0.000000 0.000000
0.000000 0.000000
0.000000 0.000000
0.000000 0.000000
0.000000 0.000000
0.000000 0.000000
0.000000 0.000000
0.000000 0.000000
0.000000 0.000000
0.000000 0.000000
0.000000 0.000000
0.000000 0.000000
0.000000 0.000000
0.000000 0.000000
0.000000 0.000000
0.000000 0.000000
0.000000 0.000000
0.000000 0.000000
0.000000 0.000000
0.000000 0.000000
0.000000 0.000000
0.000000 0.000000
0.000000 0.000000
0.000000 0.000000
0.000000 0.000000
0.000000 0.000000
0.000000 0.000000
0.000000 0.000000
0.000000 0.000000
0.000000 0.000000
0.000000 0.000000
0.000000 0.000000
0.000000 0.000000
0.000000 0.000000
0.000000 0.000000
0.000000 0.000000
0.000000 0.000000
0.000000 0.000000
0.000000 0.000000
0.000000 0.000000
0.000000 0.000000
0.000000 0.000000
0.000000 0.000000
0.000000 0.000000
0.000000 0.000000
0.000000 0.000000
0.000000 0.000000
0.000000 0.000000
0.000000 0.000000
0.000000 0.000000
0.000000 0.000000
0.000000 0.000000
0.000000 0.000000
0.000000 0.000000
0.000000 0.000000
0.000000 0.000000
0.000000 0.000000
0.000000 0.000000
0.000000 0.000000
0.000000 0.000000
0.000000 0.000000
0.000000 0.000000
0.000000 0.000000
0.000000 0.000000
0.000000 0.000000
0.000000 0.000000
0.000000 0.000000
0.000000 0.000000
0.000000 0.000000
0.000000 0.000000
0.000000 0.000000
0.000000 0.000000
0.000000 0.000000
0.000000 0.000000
0.000000 0.000000
0.000000 0.000000
0.000000 0.000000
0.000000 0.000000
0.000000 0.000000
0.000000 0.000000
0.000000 0.000000
0.000000 0.000000
0.000000 0.000000
0.000000 0.000000
0.000000 0.000000
0.000000 0.000000
0.000000 0.000000
0.000000 0.000000
0.000000 0.000000
0.000000 0.000000
0.000000 0.000000
0.000000 0.000000
0.000000 0.000000
0.000000 0.000000
0.000000 0.000000
0.000000 0.000000
0.000000 0.000000
0.000000 0.000000
0.000000 0.000000
0.000000 0.000000
0.000000 0.000000
0.000000 0.000000
0.000000 0.000000
0.000000 0.000000
0.000000 0.000000
0.000000 0.000000
0.000000 0.000000
0.000000 0.000000
0.000000 0.000000
0.000000 0.000000
0.000000 0.000000
0.000000 0.000000
0.000000 0.000000
0.000000 0.000000
0.000000 0.000000
0.000000 0.000000
0.000000 0.000000
0.000000 0.000000
0.000000 0.000000
0.000000 0.000000
0.000000 0.000000
0.000000 0.000000
0.000000 0.000000
0.000000 0.000000
0.000000 0.000000
0.000000 0.000000
0.000000 0.000000
0.000000 0.000000
0.000000 0.000000
0.000000 0.000000
0.000000 0.000000
0.000000 0.000000
0.000000 0.000000
0.000000 0.000000
0.000000 0.000000
0.000000 0.000000
0.000000 0.000000
0.000000 0.000000
0.000000 0.000000
0.000000 0.000000
0.000000 0.000000
0.000000 0.000000
0.000000 0.000000
0.000000 0.000000
0.000000 0.000000
0.000000 0.000000
0.000000 0.000000
0.000000 0.000000
0.000000 0.000000
0.000000 0.000000
0.000000 0.000000
0.000000 0.000000
0.000000 0.000000
0.000000 0.000000
0.000000 0.000000
0.000000 0.000000
0.000000 0.000000
0.000000 0.000000
0.000000 0.000000
0.000000 0.000000
0.000000 0.000000
0.000000 0.000000
0.000000 0.000000
0.000000 0.000000
0.000000 0.000000
0.000000 0.000000
0.000000 0.000000
0.000000 0.000000
0.000000 0.000000
0.000000 0.000000
0.000000 0.000000
0.000000 0.000000
0.000000 0.000000
0.000000 0.000000
0.000000 0.000000
0.000000 0.000000
0.000000 0.000000
0.000000 0.000000
0.000000 0.000000
0.000000 0.000000
0.000000 0.000000
0.000000 0.000000
0.000000 0.000000
0.000000 0.000000
0.000000 0.000000
0.000000 0.000000
0.000000 0.000000
0.000000 0.000000
0.000000 0.000000
0.000000 0.000000
0.000000 0.000000
0.000000 0.000000
0.000000 0.000000
0.000000 0.000000
0.000000 0.000000
0.000000 0.000000
0.000000 0.000000
0.000000 0.000000
0.000000 0.000000
0.000000 0.000000
0.000000 0.000000
0.000000 0.000000
0.000000 0.000000
0.000000 0.000000
0.000000 0.000000
0.000000 0.000000
0.000000 0.000000
0.000000 0.000000
0.000000 0.000000
0.000000 0.000000
0.000000 0.000000
0.000000 0.000000
0.000000 0.000000
0.000000 0.000000
0.000000 0.000000
0.000000 0.000000
0.000000 0.000000
0.000000 0.000000
0.000000 0.000000
0.000000 0.000000
0.000000 0.000000
0.000000 0.000000
0.000000 0.000000
0.000000 0.000000
0.000000 0.000000
0.000000 0.000000
0.000000 0.000000
0.000000 0.000000
0.000000 0.000000
0.000000 0.000000
0.000000 0.000000
0.000000 0.000000
