1705264930.678013
1705264931.177994
1705264931.678040
1705264932.177894
1705264932.678112
1705264933.177948
1705264933.677949
1705264934.178105
1705264934.677973
1705264935.178059
1705264935.677988
1705264936.178104
1705264936.677989
1705264937.177994
1705264937.677992
1705264938.177954
1705264938.678009
1705264939.177956
1705264939.678272
1705264940.178238
1705264940.677991
1705264941.177948
1705264941.677951
1705264942.178029
1705264942.678013
1705264943.178134
1705264943.678025
1705264944.177872
1705264944.677980
1705264945.177942
1705264945.677960
1705264946.177977
1705264946.677946
1705264947.178171
1705264947.678045
1705264948.177951
1705264948.677952
1705264949.178216
1705264949.678086
1705264950.178064
1705264950.677958
1705264951.178008
1705264951.678315
1705264952.177937
1705264952.677997
1705264953.178049
1705264953.677990
1705264954.177959
1705264954.678160
1705264955.177979
1705264955.677984
1705264956.177968
1705264956.678163
1705264957.178178
1705264957.678194
1705264958.178400
1705264958.678029
1705264959.178145
1705264959.678127
1705264960.178054
1705264960.678225
1705264961.178090
1705264961.678135
1705264962.177984
1705264962.678055
1705264963.178094
1705264963.678056
1705264964.177950
1705264964.678214
1705264965.177961
1705264965.678091
1705264966.178328
1705264966.678308
1705264967.177958
1705264967.677991
1705264968.178098
1705264968.677908
1705264969.178044
1705264969.678118
1705264970.178362
1705264970.678230
1705264971.178237
1705264971.678103
1705264972.177870
1705264972.678199
1705264973.178103
1705264973.678025
1705264974.178369
1705264974.678224
1705264975.178372
1705264975.678035
1705264976.177931
1705264976.677959
1705264977.178144
1705264977.678348
1705264978.178062
1705264978.678193
1705264979.178471
1705264979.678016
1705264980.178615
1705264980.678354
1705264981.178339
1705264981.678026
1705264982.178176
1705264982.677892
1705264983.178039
1705264983.677984
1705264984.178058
1705264984.678147
1705264985.178268
1705264985.678103
1705264986.177867
1705264986.678086
1705264987.178159
1705264987.678194
1705264988.178005
1705264988.678031
1705264989.178032
1705264989.677985
1705264990.178190
1705264990.678050
1705264991.178158
1705264991.678097
1705264992.177995
1705264992.678023
1705264993.178395
1705264993.678119
1705264994.178550
1705264994.678084
1705264995.177943
1705264995.678028
1705264996.178021
1705264996.678114
1705264997.178321
1705264997.678043
1705264998.178150
1705264998.678202
1705264999.178213
1705264999.678326
1705265000.178118
1705265000.678082
1705265001.178109
1705265001.677993
1705265002.178147
1705265002.678104
1705265003.178029
1705265003.678048
1705265004.178143
1705265004.677972
1705265005.178194
1705265005.678083
1705265006.179769
1705265006.678061
1705265007.178074
1705265007.678195
1705265008.177972
1705265008.678222
1705265009.178164
1705265009.678133
1705265010.178172
1705265010.678015
1705265011.178306
1705265011.678107
1705265012.178131
1705265012.678122
1705265013.178310
1705265013.678117
1705265014.178191
1705265014.678157
1705265015.178182
1705265015.678256
1705265016.177938
1705265016.678196
1705265017.178183
1705265017.678023
1705265018.178224
1705265018.678218
1705265019.178089
1705265019.678149
1705265020.178151
1705265020.677957
1705265021.177993
1705265021.678099
1705265022.178248
1705265022.677959
1705265023.178102
1705265023.678320
1705265024.178098
1705265024.678329
1705265025.178124
1705265025.678198
1705265026.178017
1705265026.678156
1705265027.178017
1705265027.678035
1705265028.177992
1705265028.678419
1705265029.177987
1705265029.677964
1705265030.177946
1705265030.677936
1705265031.177986
1705265031.678194
1705265032.178121
1705265032.677960
1705265033.177992
1705265033.678037
1705265034.178104
1705265034.678054
1705265035.177957
1705265035.677976
1705265036.178025
1705265036.678094
1705265037.178080
1705265037.678098
1705265038.177980
1705265038.678195
1705265039.178172
1705265039.678291
1705265040.178401
1705265040.678043
1705265041.178381
1705265041.678239
1705265042.178004
1705265042.677982
1705265043.178177
1705265043.678181
1705265044.178067
1705265044.678052
1705265045.178247
1705265045.678034
1705265046.177938
1705265046.677988
1705265047.178334
1705265047.678245
1705265048.178034
1705265048.679186
1705265049.177943
1705265049.677971
1705265050.178053
1705265050.678031
1705265051.178103
1705265051.677986
1705265052.177980
1705265052.678027
1705265053.178075
1705265053.678125
1705265054.178010
1705265054.678158
1705265055.177999
1705265055.678058
1705265056.178119
1705265056.678430
1705265057.178030
1705265057.678172
1705265058.178103
1705265058.677961
1705265059.177998
1705265059.678114
1705265060.178102
1705265060.678200
1705265061.178164
1705265061.678028
1705265062.178033
1705265062.677973
1705265063.178176
1705265063.678159
1705265064.178081
1705265064.678241
1705265065.178426
1705265065.678022
1705265066.178071
1705265066.678213
1705265067.178056
1705265067.678022
1705265068.178192
1705265068.678228
1705265069.178166
1705265069.678177
1705265070.178073
1705265070.678075
1705265071.178141
1705265071.678189
1705265072.178192
1705265072.678107
1705265073.178137
1705265073.678001
1705265074.178125
1705265074.678132
1705265075.178193
1705265075.678187
1705265076.177994
1705265076.677979
1705265077.177988
1705265077.678055
1705265078.177974
1705265078.678013
1705265079.178066
1705265079.678046
1705265080.178227
1705265080.678053
1705265081.178182
1705265081.678114
1705265082.178115
1705265082.678045
1705265083.178137
1705265083.678231
1705265084.178152
1705265084.678014
1705265085.178000
1705265085.678048
1705265086.178007
1705265086.678376
1705265087.178288
1705265087.678099
1705265088.178076
1705265088.678395
1705265089.178201
1705265089.678100
1705265090.178066
1705265090.678222
1705265091.178241
1705265091.677980
1705265092.178114
1705265092.677973
1705265093.177916
1705265093.678176
1705265094.178150
1705265094.678207
1705265095.178193
1705265095.678015
1705265096.178031
1705265096.678152
1705265097.178148
1705265097.678085
1705265098.178450
1705265098.678211
1705265099.178206
1705265099.678000
1705265100.178256
1705265100.678030
1705265101.177975
1705265101.678042
1705265102.178091
1705265102.678018
1705265103.178211
1705265103.678001
1705265104.178017
1705265104.677985
1705265105.178116
1705265105.678052
1705265106.178054
1705265106.678004
1705265107.178045
1705265107.677979
1705265108.178209
1705265108.678024
1705265109.177970
1705265109.678169
1705265110.178050
1705265110.678042
1705265111.178201
1705265111.678074
1705265112.178117
