0.26334357053504814 -0.16599000990390778
0.2635441247010421 -0.22295360267162323
0.24626289916110752 -0.18079063296318054
0.2702601173868714 0.02588820643723011
0.2654236599338214 0.07541104406118393
0.25602239561906104 0.05766088888049126
0.26375407853532923 0.17328518629074097
0.2620962315965218 0.06363080441951752
0.2584186658835714 0.06270013004541397
0.260258083599433 0.008078217506408691
0.2743205897457297 -0.057118769735097885
0.2316348520439109 0.03422036021947861
0.16892409934509847 -0.0048010996542871
0.11589603714071918 0.04011426120996475
0.08121108274106989 0.017223084345459938
0.05270032873739476 0.07378915697336197
0.042707735774979154 0.02425534650683403
0.03750369689095783 0.0488622784614563
0.01734879063463099 0.11515402048826218
0.02804148908043422 0.0
0.0026726751741143738 0.23892629146575928
0.0008684085139242495 0.2200421541929245
0.006012461877812881 0.30184492468833923
0.003316773657514524 0.26743075251579285
0.0009401816045835873 0.27397993206977844
0.0024469975738008187 0.4318036139011383
0.04494591327874879 0.8558526039123535
0.027463073229022167 0.36215752363204956
0.018010366935183857 -0.5781241059303284
0.01676751814703395 -0.46093180775642395
0.013092466372976782 0.94952791929245
0.013223930186462124 0.6125499606132507
0.012416492230944792 -0.13764382898807526
0.02460121894931772 -0.19397331774234772
0.002857843740197794 -0.04000436142086983
0.01569463891822623 -0.0936601459980011
0.011047955880429866 -0.5727384686470032
0.2791133131075718 -0.37579789757728577
0.25279202053864447 0.03906460478901863
0.2681544894839042 0.33007535338401794
0.2621138093856824 0.38837873935699463
0.2615991594894341 0.5117225050926208
0.2504986176706418 0.4429543614387512
0.25932978282726765 0.33689019083976746
0.25814852965926893 0.14898762106895447
0.25534174951635347 0.04416775330901146
0.25505499000809445 0.03383168578147888
0.1623782695885916 0.07034675031900406
0.08627694241700716 -1.192618697132275e-06
0.01592665908948313 -0.14818991720676422
0.014245501438633927 -0.13011156022548676
0.03396869700203255 0.013087240979075432
0.06840844880008191 0.13073661923408508
0.03864570667148269 0.014616759493947029
0.03329328269202112 0.00029562850249931216
0.017056490617914647 0.15164870023727417
0.02751251581390656 -0.0367593877017498
0.015108059865792932 -0.11151676625013351
0.0027255626043100156 0.23468151688575745
0.006744010023454409 -0.22277863323688507
0.025767807119773486 -0.039459772408008575
0.0046265263198962455 -0.2513708472251892
0.0014152287000817922 -0.2549021542072296
0.0012733133096413675 0.2619403898715973
0.0026558889128370277 -0.2812013030052185
0.008559391742107915 0.06063535064458847
0.0115198440541054 0.3446987569332123
0.0006089179349176492 0.25328323245048523
0.006507809745774476 -0.24347691237926483
0.01042720109461159 -0.007942387834191322
0.0053204436745987824 -0.250855416059494
0.005821798109860293 -0.23742857575416565
0.0013622079813104093 0.18138816952705383
0.045483857974284655 0.36013394594192505
0.047153345341962846 -0.016296230256557465
0.015684533176836723 -0.1486024707555771
0.015013570094296803 -0.12316454946994781
0.014642576184382116 -0.14019784331321716
0.004466397187657975 0.2522234320640564
0.005798992397001878 -0.23361092805862427
0.0035646178964762886 0.2728647291660309
0.004215920212979995 -0.22230321168899536
0.005348543737982302 0.3840143084526062
0.004808539936389227 -0.3440956771373749
0.0047479676430195305 0.3927544057369232
0.002520250920559797 -0.36376628279685974
0.005363877753689108 -0.3687323033809662
0.001981218621719734 0.21970197558403015
0.004658169298769834 -0.022768637165427208
0.00223390401970355 -0.2388840764760971
0.004442208353019691 0.2199762463569641
0.0025888672154171333 -0.268825888633728
0.0025310053971422408 -0.2249726802110672
0.0014140231454544568 0.26293161511421204
0.007457255181682308 -0.3603801429271698
0.001441996603098915 0.20590415596961975
0.0035797154573888952 0.2688567638397217
0.003007688337287835 -0.26059791445732117
0.00046429451810179375 -0.27720746397972107
0.0005347644586046612 -0.2167893797159195
0.0006785898619548036 -0.2604506313800812
0.0027003200118248948 0.2778417766094208
0.006625140669820452 0.07660786062479019
0.002881315227777214 0.22649575769901276
0.0010425862235352332 0.2629755735397339
0.00041433415988103716 -0.17118200659751892
0.006549108286677907 0.30012908577919006
0.00021366143632157896 0.001621984876692295
0.019517440306037578 1.1691304445266724
0.010104878995711598 1.0081994533538818
0.01254389092487651 1.020918369293213
0.010123875472594282 0.9964858889579773
0.006034017543742666 -0.7877605557441711
0.014583083881896221 -0.8750646710395813
0.01612750497678075 -0.5914669036865234
0.008553941164042336 -0.49711284041404724
0.0035472895038226914 -0.20058009028434753
0.0032349725760703442 -0.23744428157806396
0.1626262912870481 -0.013225672766566277
0.24401082249802009 0.09417802095413208
0.26011039150368515 0.2949431836605072
0.2667490902644732 0.346565306186676
0.2697166911017924 0.3770396411418915
0.24762989377509262 0.3393477499485016
0.2647509567132858 0.5279245972633362
0.2639015008464137 0.3747909665107727
0.26383060903526495 0.23979516327381134
0.231140366505525 0.14719261229038239
0.2501515626398414 0.06611969321966171
0.262250166219914 -0.02860955148935318
0.2598799260904428 -0.017716018483042717
0.2533201606562308 -0.048300601541996
0.21588263123472734 -0.05686373636126518
0.1515859177522253 0.02399875409901142
0.0026557032242198733 -0.5012794137001038
0.003692950065972081 -0.676307201385498
0.002323801926907696 -0.5113499164581299
0.0031913455249845094 -0.3672403395175934
0.002571690432326006 -0.24315626919269562
0.0002941996652266893 -0.2547144591808319
0.00026202219120577343 0.006150940433144569
0.0 4.160673597652931e-06
0.0 0.0
0.0 6.91570221533766e-06
0.0 0.0
0.0 0.0
0.0 0.0
0.0017590037707158137 0.006699808873236179
0.0 -0.13264445960521698
0.0 -1.9341644048690796
0.0 -1.1909652948379517
0.0 -1.5853668451309204
0.0 -0.5968960523605347
0.0 -1.428091287612915
0.0 -0.5083253383636475
0.0 -1.490246057510376
0.0 -0.4394087791442871
0.0 -0.6214762330055237
0.0 -1.0913223028182983
0.0 -1.5290590524673462
0.0 -0.37760409712791443
0.0 0.3944947421550751
0.01042184493210538 -0.00038076244527474046
0.0 0.001113012433052063
0.0017061005492863283 0.01830548606812954
0.0013954024555804304 0.04408842697739601
8.878104611963253e-05 -0.0005601239972747862
4.1624281278287656e-05 -0.00032799228210933506
0.0 0.0
9.759598869668837e-05 -0.0007186561706475914
5.157738935848647e-05 -0.0003770488256122917
3.0151225644028686e-05 -0.00021688092965632677
0.0 0.0
3.6620006958525044e-08 -2.109312299580779e-05
3.6547739265080586e-08 -4.678110599343199e-06
4.344521917546237e-05 0.00033632805570960045
0.0 0.0
0.0 -1.1908819033124018e-06
3.657689017712493e-08 -1.2875066204287577e-05
0.0 0.0
