0.2521065203869626 -0.06085537001490593
0.2875906968609947 -0.13755032420158386
0.2688937841252954 -0.06812271475791931
0.22342647336835283 -0.10316310822963715
0.26520942864931857 -0.01787566766142845
0.2604776487263615 -0.04012652486562729
0.2679632295250388 0.07925902307033539
0.2739353440531137 0.021021435037255287
0.23607194458481084 0.1583949774503708
0.2220919139470505 0.014377222396433353
0.26517264022208903 -0.002422089921310544
0.24937729046645726 0.0
0.2371375813212599 -0.05974625051021576
0.17503510096668454 0.012050764635205269
0.15033520044934356 0.2008097916841507
0.10903018340233366 0.3724046051502228
0.06145606550812984 0.10768938809633255
0.04507360703798476 0.5544229745864868
0.008778517912899936 0.5159094929695129
0.01122425255092679 0.3885036110877991
0.16263662977211338 -0.5491307377815247
0.23902188356855386 -0.3199593722820282
0.26400846053362365 0.3446067273616791
0.279045929471466 0.4337306618690491
0.24009750478323647 0.42525264620780945
0.2740575097044656 0.3554604649543762
0.16925110208114097 0.3046029210090637
0.2609294330644928 0.22705037891864777
0.26659958176124365 0.2161574810743332
0.27168855637664446 0.17752036452293396
0.2702472982270185 -0.03227393329143524
0.20146616278377194 -0.09797511994838715
0.14724130877135366 -0.022786902263760567
0.10626985155500179 -0.09700611978769302
0.07381693957371196 0.3221496641635895
0.08817139857971375 0.4502134621143341
0.048677342424946146 0.0
0.027392851740755515 -0.25220006704330444
0.01634106563651213 -0.14706861972808838
0.014611600726918368 -0.13724760711193085
0.011450766350223162 -0.10263193398714066
0.004267564722885789 0.3250660300254822
0.0021811392612396097 0.2864292562007904
0.003189409586328634 -0.23526422679424286
0.00672551914391788 -0.027099497616291046
0.010077061995472576 0.008504020050168037
0.010246871182005962 -0.19269677996635437
0.0012154834757322334 0.25301575660705566
0.004616718198708937 -0.2417374700307846
0.0005236357066957679 0.31792375445365906
0.002714639993645511 0.28005674481391907
0.0032209148899420303 -0.19389884173870087
0.0034804005135168725 -0.25313183665275574
0.0029094837358732075 0.27327102422714233
0.0029313505379505466 0.25023460388183594
0.004857607767787575 -0.24290236830711365
0.004621845895001222 -0.24424859881401062
0.00375509410742418 0.3066413700580597
0.0010141085148469575 0.28801509737968445
0.0057003045646984085 -0.4101252853870392
0.004023192238830289 -0.24329571425914764
0.006896161848943182 0.3379664421081543
0.002250486531585787 -0.21608982980251312
0.0009297872067041276 -0.03586383908987045
0.001695647295123949 0.26763916015625
0.008217741260216299 -0.31724536418914795
0.004470294242310013 0.22258056700229645
0.0020777818870032373 -0.021252848207950592
0.03231495646119985 0.5371591448783875
0.01653632602529049 -0.12829312682151794
0.015699283324923857 -0.12078278511762619
0.09894238129094526 -0.009532630443572998
0.008643293177260463 -0.00874081626534462
0.00017044906968968413 0.001200757920742035
0.000139289866664523 0.001019797520712018
0.0 -6.915018275321927e-06
0.0 0.0
0.0 0.0
0.0 0.0
0.0 0.0
0.0 0.0
0.0 -2.639965714479331e-06
0.1803709003348042 0.194266676902771
0.2661027592933709 0.244875967502594
0.26541431582840896 0.2596972584724426
0.2734258949503835 0.36533451080322266
0.25002986711039676 0.4698233902454376
0.24348119065460147 0.19137871265411377
0.23527076429352983 0.2921949028968811
0.25059452100521346 0.1854260116815567
0.23798159541746391 0.18286553025245667
0.2630750710629087 0.07020828872919083
0.25058346989373326 0.010216661728918552
0.24442849979609402 -0.23226585984230042
0.25456354796492153 -0.15731796622276306
0.23322325577691777 -0.2554638981819153
0.25625080277989015 -0.25939518213272095
0.2507749757991293 -0.24298764765262604
0.267375515325171 -0.14146855473518372
0.25156091877060105 -0.2854412794113159
0.258520383706007 -0.15672804415225983
0.27520874915275906 -0.2806170880794525
0.25871507570419106 -0.13421562314033508
0.2661245761432654 -0.2707979679107666
0.24544989580304774 -0.28977298736572266
0.2509753321099149 -0.24619822204113007
0.2522497982521918 0.0
0.25753862873916444 0.014364785514771938
0.20432155869123178 -0.031326018273830414
0.1673613364528931 -0.039430417120456696
0.0009280977727682687 0.009011717513203621
2.1452175847053255e-05 0.0002182564785471186
0.0 0.0
0.0001686016014382689 -0.0012959527084603906
0.00015160808667438974 0.0011320378398522735
0.0 9.933150067809038e-06
0.0 0.0
0.0 0.0
0.0 0.0
0.0 0.0
0.0 0.0
0.0 1.8399548480374506e-06
0.0 0.0
0.0 0.0
0.0 0.0
0.0 0.0
0.0 0.0
0.0 0.0
0.0 0.0
0.0 0.0
