0.233300298902992 -0.15634526312351227
0.24776469950068886 -0.07423945516347885
0.2559363027924406 -0.15402023494243622
0.21955185492482748 0.06900262832641602
0.25718875067918384 0.05557521432638168
0.23088844268950842 0.06737260520458221
0.25322776903866817 0.06208574399352074
0.2523115591070589 0.011293267831206322
0.2386474846793219 -0.06865298002958298
0.22235802062415905 0.06978150457143784
0.25886724167385544 0.13250967860221863
0.23390705758521366 -0.017474856227636337
0.21579270572727646 -0.06374146044254303
0.2536040339150735 -0.04205381125211716
0.2594052484812205 0.15276999771595
0.2664202559631024 0.2685718834400177
0.2529000137498008 0.40586695075035095
0.25111017171019495 0.5403825640678406
0.2304617659383837 0.5622708797454834
0.22562710540648376 0.5372554063796997
0.25348603460515695 0.5303443670272827
0.25108947617164595 0.32138118147850037
0.2593665555490559 0.26572659611701965
0.27704664746459434 0.19932964444160461
0.251366243795427 0.02877572365105152
0.2489750489128467 -0.140507772564888
0.2528615073027033 -0.12864930927753448
0.25829122033090063 -0.049015019088983536
0.23673543968046232 0.20731420814990997
0.24391041125241394 0.17448391020298004
0.26356172212493356 0.2633003890514374
0.25957764939025907 0.3126083314418793
0.2508373881217013 0.32001444697380066
0.27002316360535267 0.2677417993545532
0.25834090285913663 0.3749006390571594
0.23939917610445366 0.2564640939235687
0.2656519080954543 0.262969434261322
0.2424277588267714 0.2216411828994751
0.2609617141244258 0.1567690074443817
0.2513529916982752 0.0
0.26320505851923254 -0.35440003871917725
0.23619208687237653 -0.26742634177207947
0.26192865573417035 -0.2737640142440796
0.25684501696736206 -0.24386928975582123
0.23357238824298374 -0.2377268373966217
0.2621991443258829 -0.2507053017616272
0.2541683780556695 -0.27521777153015137
0.29014367601554003 -0.16049110889434814
0.26179602818032094 -0.2669523358345032
0.23482913962534482 -0.1513127237558365
0.2614639729558031 -0.25024428963661194
0.24567341779950874 -0.1393377035856247
0.25489830344624914 -0.21391844749450684
0.27146114377227704 -0.12005980312824249
0.21918928594792503 -0.13379128277301788
0.22962277357052355 -0.13526903092861176
0.16295733560756612 -0.15218707919120789
0.11708822732386522 0.09755796939134598
0.0010999862312070462 0.206033393740654
0.0 0.0
0.0 0.0
3.8138903687436595e-05 0.0003015344263985753
3.808795047309689e-05 -0.00030351211898960173
0.0 2.9428342713799793e-06
0.0 1.1889422921740334e-06
0.0 2.3842885639169253e-06
0.0 1.168520498140424e-06
0.0 -1.2101471611458692e-06
0.0 0.0
0.0 0.0
0.0 0.0
0.0 0.0
0.0 0.0
0.0 2.5350339001306565e-06
0.0 0.0
0.0 -1.2125423154429882e-06
0.0 1.521993794995069e-06
0.0 0.0
0.0 0.0
0.0 -5.871494977327529e-06
0.0 2.637608531586011e-06
0.0 0.0
0.0 0.0
0.0 0.0
0.0 0.0
0.0 0.0
0.0 0.0
0.0 0.0
0.0 8.535969300282886e-07
0.0 -1.1951697160839103e-06
0.0 -1.1901138350367546e-06
0.0 0.0
0.0 0.0
0.0 1.1974733524766634e-06
0.0 0.0
0.0 0.0
0.0 0.0
0.0 0.0
0.0 -1.2028443734379834e-06
0.0 0.0
0.0 0.0
0.0 0.0
0.0 0.0
0.0 0.0
0.0 -5.934068667556858e-06
0.0 0.0
0.0 3.7232375689200126e-06
0.0 0.0
0.0 0.0
0.0 0.0
0.0 0.0
0.0 0.0
0.0 0.0
0.0 0.0
0.0 0.0
0.0 0.0
0.0 0.0
0.0 0.0
0.0 0.0
0.0 0.0
0.0 1.1955886520809145e-06
0.0 0.0
0.0 0.0
0.0 0.0
0.0 0.0
0.0 0.0
0.0 0.0
0.0 0.0
0.0 0.0
0.0 -3.5126709008181933e-06
0.0 0.0
0.0 -2.008968294830993e-06
0.0 1.1900057188540814e-06
0.0 1.215340603266668e-06
0.0 -2.5250710677937604e-06
0.0 0.0
0.0 0.0
0.0 0.0
0.0 0.0
0.0 0.0
0.0 0.0
0.0 1.2821379868910299e-06
0.0 0.0
0.0 0.0
0.0 1.4773621614949661e-06
0.0 1.1905789278898737e-06
0.0 -1.264938532585802e-06
0.0 0.0
0.0 0.0
0.0 0.0
0.0 0.0
0.0 0.0
0.0 0.0
0.0 0.0
0.0 0.0
0.0 0.0
0.0 0.0
0.0 0.0
0.0 0.0
0.0 -1.923677700688131e-06
0.0 0.0
0.0 0.0
0.0 1.1459246707090642e-06
0.0 0.0
0.0 0.0
0.0 0.0
0.0 -1.192024456031504e-06
0.0 1.1388038956283708e-06
0.0 0.0
0.0 0.0
0.0 0.0
0.0 0.0
0.0 8.464386382911471e-07
0.0 1.1923040119654615e-06
0.0 1.2415839591994882e-06
0.0 0.0
0.0 0.0
0.0 -3.573058393158135e-06
0.0 0.0
0.0 0.0
0.0 0.0
0.0 0.0
0.0 0.0
0.0 0.0
0.0 0.0
0.0 0.0
0.0 0.0
0.0 1.9068478422923363e-06
0.0 2.654119725775672e-06
0.0 -2.384112349318457e-06
0.0 0.0
0.0 0.0
0.0 0.0
0.0 0.0
0.0 0.0
0.0 0.0
0.0 0.0
0.0 0.0
0.0 0.0
0.0 0.0
0.0 0.0
0.0 0.0
0.0 0.0
0.0 0.0
0.0 0.0
0.0 0.0
0.0 0.0
0.0 0.0
0.0 0.0
0.0 0.0
0.0 0.0
0.0 9.943050827132538e-07
0.0 4.379398433229653e-06
0.0 1.1778895441239001e-06
0.0 -1.242508574250678e-06
0.0 0.0
0.0 0.0
0.0 1.1846595953102224e-06
0.0 2.3839613731979625e-06
0.0 0.0
0.0 0.0
0.0 0.0
0.0 0.0
0.0 0.0
0.0 0.0
0.0 0.0
0.0 2.3879119908087887e-06
0.0 1.4971806194807868e-06
0.0 1.194166429741017e-06
0.0 0.0
0.0 -1.2424001170074916e-06
0.0 0.0
0.0 0.0
0.0 0.0
0.0 0.0
0.0 1.2198731837997911e-06
0.0 -8.379823839277378e-07
0.0 1.2905728681289474e-06
0.0 -3.6493891002464807e-06
0.0 0.0
0.0 0.0
0.0 1.1899142009497155e-06
0.0 0.0
0.0 0.0
0.0 0.0
0.0 0.0
0.0 4.768040525959805e-06
0.0 0.0
0.0 0.0
0.0 0.0
0.0 -3.659956291812705e-06
0.0 0.0
0.0 0.0
0.0 0.0
0.0 0.0
0.0 3.0049081942706835e-06
0.0 0.0
0.0 0.0
0.0 0.0
0.0 0.0
0.0 0.0
0.0 0.0
0.0 0.0
0.0 0.0
0.0 0.0
0.0 0.0
0.0 5.971465270704357e-06
0.0 0.0
0.0 -2.0159554878773633e-06
0.0 0.0
0.0 1.2434485370249604e-06
0.0 0.0
0.0 0.0
0.0 0.0
0.0 0.0
0.0 0.0
0.0 0.0
0.0 0.0
0.0 0.0
0.0 0.0
0.0 1.1796848866651999e-06
0.0 0.0
0.0 -1.1768064496209263e-06
0.0 0.0
0.0 0.0
0.0 0.0
0.0 -1.1924950058528339e-06
0.0 0.0
0.0 0.0
0.0 0.0
0.0 0.0
0.0 0.0
0.0 0.0
0.0 0.0
0.0 0.0
0.0 -2.9998927857377566e-06
0.0 -8.609583233010198e-07
0.0 0.0
0.0 0.0
0.0 0.0
0.0 0.0
0.0 0.0
0.0 0.0
0.0 2.433699137327494e-06
0.0 2.3977029286470497e-06
0.0 0.0
0.0 0.0
0.0 0.0
0.0 0.0
0.0 0.0
0.0 0.0
0.0 0.0
0.0 1.1950120324399904e-06
0.0 -1.028504925670859e-06
0.0 -3.5134826248395257e-06
0.0 0.0
0.0 0.0
0.0 0.0
0.0 0.0
0.0 0.0
0.0 0.0
0.0 0.0
0.0 0.0
0.0 0.0
0.0 0.0
0.0 2.3854402115830453e-06
0.0 5.037636128690792e-06
0.0 0.0
0.0 0.0
0.0 0.0
0.0 0.0
0.0 0.0
0.0 0.0
0.0 0.0
0.0 -2.3933680495247245e-06
0.0 0.0
0.0 0.0
0.0 0.0
0.0 3.7888439692324027e-06
0.0 0.0
0.0 0.0
0.0 -1.192534568872361e-06
0.0 3.5145080801157746e-06
0.0 0.0
0.0 0.0
0.0 0.0
0.0 0.0
0.0 0.0
0.0 0.0
0.0 -9.684627002570778e-07
0.0 0.0
0.0 -1.4536461776515353e-06
0.0 -1.2007342320430325e-06
0.0 1.2102850632800255e-06
0.0 -2.295449348821421e-06
0.0 0.0
0.0 0.0
0.0 0.0
0.0 0.0
0.0 0.0
0.0 0.0
0.0 0.0
0.0 0.0
0.0 2.9868331239413237e-06
0.0 3.5780681173491757e-06
0.0 1.162843204838282e-06
