0.16978546897073457 -0.7501794695854187
0.20977529304389203 -0.7463060617446899
0.00912842362044886 -1.0086064338684082
0.19068870058269297 -0.9144129753112793
0.17626948550366706 -0.8869223594665527
0.2021828981107748 -0.756389856338501
0.248035418259223 -0.5042009949684143
0.28307586434451526 -0.37837183475494385
0.2565139650355714 -0.14299631118774414
0.2229880635394115 -0.15704937279224396
0.2651168637850014 -0.17763006687164307
0.275353005346359 -0.04384251683950424
0.188619455477111 -0.06405522674322128
0.16052170720830766 -0.07227197289466858
0.10176718815688418 -0.19860465824604034
0.004582263584880466 -1.015224814414978
0.0 -0.9419876337051392
5.962822923761553e-05 -0.7205672860145569
0.0013705746837376416 -0.5987848043441772
0.03975685529108642 -0.2973948121070862
0.006143620036819993 -0.2114892601966858
0.004744996752113506 -0.21446217596530914
0.000420755051617774 0.0
0.0 0.0
0.0 0.0
0.0 0.0
0.0 0.0
0.0 0.0
0.0 0.0
0.0 0.0
0.0 0.0
0.0 0.0
0.0 0.0
0.0 0.0
0.0 0.0
0.0 0.0
0.0 0.0
0.0 0.0
0.0 0.0
0.0 0.0
0.0 0.0
0.0 0.0
0.0 0.0
0.0 0.0
0.0 0.0
0.0 0.0
0.0 0.0
0.0 0.0
0.0 0.0
0.0 0.0
0.0 0.0
0.0 0.0
0.0 0.0
0.0 0.0
0.0 0.0
0.0 0.0
0.0 0.0
0.0 0.0
0.0 0.0
0.0 0.0
0.0 0.0
0.0 0.0
0.0 0.0
0.0 0.0
0.0 0.0
0.0 0.0
0.0 0.0
0.0 0.0
0.0 0.0
0.0 0.0
0.0 0.0
0.0 0.0
0.0 0.0
0.0 0.0
0.0 0.0
0.0 0.0
0.0 0.0
0.0 0.0
0.0 0.0
0.0 0.0
0.0 0.0
0.0 0.0
0.0 0.0
0.0 0.0
0.0 0.0
0.0 0.0
0.0 0.0
0.0 0.0
0.0 0.0
0.0 0.0
0.0 0.0
0.0 0.0
0.0 0.0
0.0 0.0
0.0 0.0
0.0 0.0
0.0 0.0
0.0 0.0
0.0 0.0
0.0 0.0
0.0 0.0
0.0 0.0
0.0 0.0
0.0 0.0
0.0 0.0
0.22417874181859085 -0.21243339776992798
0.019920499662343938 0.9921057820320129
0.019920499662343938 0.9921057820320129
0.0 1.2031701999148936e-06
0.0 0.0
0.0 3.144859874737449e-06
0.0 -1.2096172667952487e-06
0.0 0.0
0.0 0.0
0.0 0.0
0.0 1.1855503316837712e-06
0.0 0.0
0.0 4.755058398586698e-06
0.0 0.0
0.0 -5.978774424875155e-06
0.0 0.0
0.0 0.0
0.0 0.0
0.0 0.0
