1705266940.694061
1705266941.194084
1705266941.694039
1705266942.193809
1705266942.694042
1705266943.193995
1705266943.693861
1705266944.193873
1705266944.693795
1705266945.193757
1705266945.693932
1705266946.193836
1705266946.693884
1705266947.194065
1705266947.693819
1705266948.194191
1705266948.694089
1705266949.193913
1705266949.694069
1705266950.194001
1705266950.694188
1705266951.194123
1705266951.694059
1705266952.194109
1705266952.694244
1705266953.194275
1705266953.694042
1705266954.193890
1705266954.694083
1705266955.194126
1705266955.694211
1705266956.194154
1705266956.693887
1705266957.193811
1705266957.693917
1705266958.194101
1705266958.694244
1705266959.193995
1705266959.693958
1705266960.194208
1705266960.694087
1705266961.193861
1705266961.693835
1705266962.194096
1705266962.694097
1705266963.193980
1705266963.693955
1705266964.193796
1705266964.694038
1705266965.193900
1705266965.694074
1705266966.193901
1705266966.693963
1705266967.194150
1705266967.694047
1705266968.193898
1705266968.694169
1705266969.193858
1705266969.694147
1705266970.193897
1705266970.694098
1705266971.193957
1705266971.693906
1705266972.193898
1705266972.693975
1705266973.194140
1705266973.693893
1705266974.194093
1705266974.693843
1705266975.194195
1705266975.694193
1705266976.193845
1705266976.694023
1705266977.194109
1705266977.694118
1705266978.194132
1705266978.694031
1705266979.193808
1705266979.693847
1705266980.194109
1705266980.693950
1705266981.193922
1705266981.693850
1705266982.194295
1705266982.693809
1705266983.193874
1705266983.694160
1705266984.193863
1705266984.693894
1705266985.194128
1705266985.693898
1705266986.194190
1705266986.693846
1705266987.194151
1705266987.694166
1705266988.194153
1705266988.694054
1705266989.194106
1705266989.694001
1705266990.194051
1705266990.693972
1705266991.194109
1705266991.693966
1705266992.193864
1705266992.693938
1705266993.194100
1705266993.694127
1705266994.194129
1705266994.693945
1705266995.193964
1705266995.694113
1705266996.194155
1705266996.694143
1705266997.193998
1705266997.693881
1705266998.194156
1705266998.693956
1705266999.194162
1705266999.694182
1705267000.193858
1705267000.694011
1705267001.194040
1705267001.694198
1705267002.193965
1705267002.694036
1705267003.194150
1705267003.693866
1705267004.194059
1705267004.693831
1705267005.194193
1705267005.694074
1705267006.193975
1705267006.693900
1705267007.193976
1705267007.694053
1705267008.194105
1705267008.694220
1705267009.194201
1705267009.694137
1705267010.194222
1705267010.694035
1705267011.194133
1705267011.693888
1705267012.194069
1705267012.693839
1705267013.193856
1705267013.693872
1705267014.193863
1705267014.693799
1705267015.194033
1705267015.693808
1705267016.193856
1705267016.693894
1705267017.193899
1705267017.693888
1705267018.194173
1705267018.694100
1705267019.193858
1705267019.693812
1705267020.193805
1705267020.693920
1705267021.194170
1705267021.693813
1705267022.194038
1705267022.694173
1705267023.194264
1705267023.694173
1705267024.193884
1705267024.694137
1705267025.193885
1705267025.693984
1705267026.193875
1705267026.693824
1705267027.194249
1705267027.693883
1705267028.193819
1705267028.694105
1705267029.194173
1705267029.694113
1705267030.194185
1705267030.693972
1705267031.193911
1705267031.694066
1705267032.194169
1705267032.693878
1705267033.194085
1705267033.693904
1705267034.193930
1705267034.693879
1705267035.193850
1705267035.694008
1705267036.194159
1705267036.693899
1705267037.194143
1705267037.694163
1705267038.194175
1705267038.693864
1705267039.193839
1705267039.694176
1705267040.193832
1705267040.694218
1705267041.193965
1705267041.694137
1705267042.193899
1705267042.693858
1705267043.193851
1705267043.694009
1705267044.193853
1705267044.693860
1705267045.194291
1705267045.693926
1705267046.194060
1705267046.694102
1705267047.194111
1705267047.693923
1705267048.194077
1705267048.693943
1705267049.193864
1705267049.693849
1705267050.194121
1705267050.693879
1705267051.193869
1705267051.694114
1705267052.193878
1705267052.693828
1705267053.193913
1705267053.693839
1705267054.194218
1705267054.693836
1705267055.194209
1705267055.694117
1705267056.193878
1705267056.693938
1705267057.194110
1705267057.694255
1705267058.194162
1705267058.693820
1705267059.194205
1705267059.693921
1705267060.193867
1705267060.693957
1705267061.193828
1705267061.693878
1705267062.194087
1705267062.693922
1705267063.194281
1705267063.694111
1705267064.194113
1705267064.694006
1705267065.194196
1705267065.694168
1705267066.194156
1705267066.693950
1705267067.194234
1705267067.694179
1705267068.194187
1705267068.693819
1705267069.194103
1705267069.694224
1705267070.193868
1705267070.694103
1705267071.194107
1705267071.693812
1705267072.194126
1705267072.694099
1705267073.194014
1705267073.694146
1705267074.194114
1705267074.693940
1705267075.193996
1705267075.693981
1705267076.193849
1705267076.693907
1705267077.193936
1705267077.694133
1705267078.193856
1705267078.693931
1705267079.194168
1705267079.694128
1705267080.194207
1705267080.693930
1705267081.193993
1705267081.694183
1705267082.193980
1705267082.693904
1705267083.193917
1705267083.693923
1705267084.194194
1705267084.693921
1705267085.193946
1705267085.693999
1705267086.194196
1705267086.694010
1705267087.193972
1705267087.694046
1705267088.194168
1705267088.693981
1705267089.194163
1705267089.694172
1705267090.193944
1705267090.693866
1705267091.193874
1705267091.694129
1705267092.193853
1705267092.693859
1705267093.194170
1705267093.694080
1705267094.194145
1705267094.694142
1705267095.193887
1705267095.694062
1705267096.194140
1705267096.693956
1705267097.194138
1705267097.694123
1705267098.194081
1705267098.694002
1705267099.194121
1705267099.694232
1705267100.193918
1705267100.694048
1705267101.194139
1705267101.693818
1705267102.194186
1705267102.694055
1705267103.194198
1705267103.694196
1705267104.193854
1705267104.694039
1705267105.193922
1705267105.694029
1705267106.193925
1705267106.694089
1705267107.194178
1705267107.693919
1705267108.194202
1705267108.694172
1705267109.194102
1705267109.693940
1705267110.194127
1705267110.693981
1705267111.194059
1705267111.693945
1705267112.193852
1705267112.693937
1705267113.194149
1705267113.694019
1705267114.194074
1705267114.694167
1705267115.194093
1705267115.694195
1705267116.193960
1705267116.694130
1705267117.193920
1705267117.693905
1705267118.193955
1705267118.693909
1705267119.194201
1705267119.693949
1705267120.194176
1705267120.693866
1705267121.193879
1705267121.694182
1705267122.194136
1705267122.693832
1705267123.193906
1705267123.693831
1705267124.193856
1705267124.693811
1705267125.194139
1705267125.693992
1705267126.194111
1705267126.694122
1705267127.194125
1705267127.693905
1705267128.193856
1705267128.694147
1705267129.194122
1705267129.693919
1705267130.193981
1705267130.693964
1705267131.194213
1705267131.693859
1705267132.194163
1705267132.694152
1705267133.193902
1705267133.694237
1705267134.194217
1705267134.694130
1705267135.194138
1705267135.694033
1705267136.194154
1705267136.693811
1705267137.194197
1705267137.694016
1705267138.193954
1705267138.694144
1705267139.194185
1705267139.693954
1705267140.194201
1705267140.694099
1705267141.193987
1705267141.693863
1705267142.194198
1705267142.694154
1705267143.194190
1705267143.694098
1705267144.194252
1705267144.694016
1705267145.194170
1705267145.694042
1705267146.193995
1705267146.694103
1705267147.194098
1705267147.693960
1705267148.194189
1705267148.694192
1705267149.194154
1705267149.694190
1705267150.193915
1705267150.694072
1705267151.194210
1705267151.693940
1705267152.193838
1705267152.693826
1705267153.193915
1705267153.694217
1705267154.194149
1705267154.694028
1705267155.194192
1705267155.694161
1705267156.194104
1705267156.694103
1705267157.194215
1705267157.694216
1705267158.194156
1705267158.694182
1705267159.194230
1705267159.694086
1705267160.193897
1705267160.693903
1705267161.193866
1705267161.693844
1705267162.193870
1705267162.694131
1705267163.194196
1705267163.694147
1705267164.194005
1705267164.693949
1705267165.194021
1705267165.693953
1705267166.193870
1705267166.694718
1705267167.194078
1705267167.693923
1705267168.194141
1705267168.693987
1705267169.194162
1705267169.694190
1705267170.194234
1705267170.694152
1705267171.194277
1705267171.694000
1705267172.194064
1705267172.694180
1705267173.194152
1705267173.693873
1705267174.193998
1705267174.693982
1705267175.194129
1705267175.694044
1705267176.193828
1705267176.693915
1705267177.194206
1705267177.693908
1705267178.193894
1705267178.693865
1705267179.194010
1705267179.694150
1705267180.194260
1705267180.694103
1705267181.193968
1705267181.693890
1705267182.193976
1705267182.694186
1705267183.194006
1705267183.694118
1705267184.193920
1705267184.694042
1705267185.194174
1705267185.693796
1705267186.193922
1705267186.693976
1705267187.193885
1705267187.693912
1705267188.193987
1705267188.693976
1705267189.193968
1705267189.694050
1705267190.194084
1705267190.694079
1705267191.193902
1705267191.694247
1705267192.194206
1705267192.694004
1705267193.193866
1705267193.694067
1705267194.194059
1705267194.693897
1705267195.194213
1705267195.694221
1705267196.193853
1705267196.693904
1705267197.194165
1705267197.694194
1705267198.194056
1705267198.694072
1705267199.194136
1705267199.694179
1705267200.193824
1705267200.693953
1705267201.193882
1705267201.694069
1705267202.193934
1705267202.693869
1705267203.193977
1705267203.693845
1705267204.193865
1705267204.693888
1705267205.193881
1705267205.693927
1705267206.193917
1705267206.693914
1705267207.194170
1705267207.693892
1705267208.194043
1705267208.693858
1705267209.194118
1705267209.694105
1705267210.193967
1705267210.693866
1705267211.194135
1705267211.694191
1705267212.193921
1705267212.694253
1705267213.194082
1705267213.694034
1705267214.194152
1705267214.693846
1705267215.194143
1705267215.694026
1705267216.194142
1705267216.694192
1705267217.194181
1705267217.694078
1705267218.193995
1705267218.694132
1705267219.194177
1705267219.693896
1705267220.194084
1705267220.693934
1705267221.194127
1705267221.693861
1705267222.193824
1705267222.693799
1705267223.194157
1705267223.694167
1705267224.194124
1705267224.693823
1705267225.194222
1705267225.693820
1705267226.194217
1705267226.694348
1705267227.194170
1705267227.693928
1705267228.193874
1705267228.694221
1705267229.193940
1705267229.693789
1705267230.194160
1705267230.693788
1705267231.194129
1705267231.693914
1705267232.193825
1705267232.694171
1705267233.195112
1705267233.693875
1705267234.194085
1705267234.694173
1705267235.194267
1705267235.694130
1705267236.193893
1705267236.693830
1705267237.194203
1705267237.694091
1705267238.193931
1705267238.693841
1705267239.193994
1705267239.694155
1705267240.193843
1705267240.693861
1705267241.194074
1705267241.693962
1705267242.194152
1705267242.694012
1705267243.194188
1705267243.693863
1705267244.193845
1705267244.693875
1705267245.193894
1705267245.694069
1705267246.193941
1705267246.693823
1705267247.194195
1705267247.694160
1705267248.193875
1705267248.693944
1705267249.194156
1705267249.694165
1705267250.194303
1705267250.694022
1705267251.194594
1705267251.693836
1705267252.194151
1705267252.693939
1705267253.194192
1705267253.693994
1705267254.194162
1705267254.694132
1705267255.194245
1705267255.693955
1705267256.193807
1705267256.693971
1705267257.194020
1705267257.694072
1705267258.193880
1705267258.694071
1705267259.194230
1705267259.694222
1705267260.194178
1705267260.693913
1705267261.194195
1705267261.694208
1705267262.194181
1705267262.694028
1705267263.194137
1705267263.694181
1705267264.194123
1705267264.693933
1705267265.194193
1705267265.693930
1705267266.194172
1705267266.694180
1705267267.193871
1705267267.694100
1705267268.194153
1705267268.694154
1705267269.194130
1705267269.693980
1705267270.194088
1705267270.694111
1705267271.194129
1705267271.693920
1705267272.194119
1705267272.694191
1705267273.194073
1705267273.694160
1705267274.194219
1705267274.693963
1705267275.193904
1705267275.693903
1705267276.194175
1705267276.694227
1705267277.194118
1705267277.693947
1705267278.194136
1705267278.693814
1705267279.194013
1705267279.693838
1705267280.193958
1705267280.694139
1705267281.193858
1705267281.693964
1705267282.193840
1705267282.694175
1705267283.194045
1705267283.693884
1705267284.193866
1705267284.693875
1705267285.194147
1705267285.694108
1705267286.193904
1705267286.694130
1705267287.193809
1705267287.693943
1705267288.193799
1705267288.694152
1705267289.194176
1705267289.694147
1705267290.194177
1705267290.694028
1705267291.194159
1705267291.694019
1705267292.194005
1705267292.694117
1705267293.193961
1705267293.694210
1705267294.193927
1705267294.694068
1705267295.194153
1705267295.694032
1705267296.194111
1705267296.693963
1705267297.194369
1705267297.694167
1705267298.194171
1705267298.693915
1705267299.193932
1705267299.693945
1705267300.194186
1705267300.693888
1705267301.193930
1705267301.694058
1705267302.194160
1705267302.694156
1705267303.193952
1705267303.694153
1705267304.194168
1705267304.694167
1705267305.193920
1705267305.693808
1705267306.193956
1705267306.693932
1705267307.194057
1705267307.694165
1705267308.193871
1705267308.693891
1705267309.194172
1705267309.693823
1705267310.194115
1705267310.694183
1705267311.193857
1705267311.693816
1705267312.194147
1705267312.694131
1705267313.194033
1705267313.694178
1705267314.193967
1705267314.694148
1705267315.194232
1705267315.694051
1705267316.193789
1705267316.693986
1705267317.193898
1705267317.693952
1705267318.193940
1705267318.693938
1705267319.194117
1705267319.694056
1705267320.194031
1705267320.693920
1705267321.193962
1705267321.694181
1705267322.194160
1705267322.693978
1705267323.194144
1705267323.694198
1705267324.194199
1705267324.694067
1705267325.193994
1705267325.693825
1705267326.194177
1705267326.693794
1705267327.193838
1705267327.693791
1705267328.193853
1705267328.694150
1705267329.194107
1705267329.694075
1705267330.194241
1705267330.694095
1705267331.194275
1705267331.694011
1705267332.193853
1705267332.694122
1705267333.193987
1705267333.693889
1705267334.193948
1705267334.694020
1705267335.194192
1705267335.694144
1705267336.194199
1705267336.694156
1705267337.194218
1705267337.693957
1705267338.194196
1705267338.694134
1705267339.193790
1705267339.694126
1705267340.193803
1705267340.694054
1705267341.193817
1705267341.694109
1705267342.194206
1705267342.694208
1705267343.193801
1705267343.694127
1705267344.194209
1705267344.694238
1705267345.194166
1705267345.694175
1705267346.194028
1705267346.694229
1705267347.194000
1705267347.693925
1705267348.193827
1705267348.694150
1705267349.194006
1705267349.694048
1705267350.194068
1705267350.694107
1705267351.194253
1705267351.694158
1705267352.193930
1705267352.694225
1705267353.193891
1705267353.694021
1705267354.193831
1705267354.694134
1705267355.194170
1705267355.694061
1705267356.193878
1705267356.693780
1705267357.193925
1705267357.694173
1705267358.194226
1705267358.694141
1705267359.193935
1705267359.694072
1705267360.194190
1705267360.694065
1705267361.193840
1705267361.693833
1705267362.193913
1705267362.694154
1705267363.194182
1705267363.694037
1705267364.194179
1705267364.694203
1705267365.194142
1705267365.693805
1705267366.193986
1705267366.693873
1705267367.194189
1705267367.694137
1705267368.193813
1705267368.693826
1705267369.194150
1705267369.693839
1705267370.193938
1705267370.694018
1705267371.194202
1705267371.694178
1705267372.193936
1705267372.693953
1705267373.194025
1705267373.693998
1705267374.193942
1705267374.693927
1705267375.194181
1705267375.694085
1705267376.193832
1705267376.694108
1705267377.194072
1705267377.694506
1705267378.194055
1705267378.693774
1705267379.193813
1705267379.694131
1705267380.194203
1705267380.694165
1705267381.194202
1705267381.693765
1705267382.194114
1705267382.694145
1705267383.193991
1705267383.694193
1705267384.194186
1705267384.694167
1705267385.193962
1705267385.694099
1705267386.194166
1705267386.694162
1705267387.194001
1705267387.693939
1705267388.194200
1705267388.694130
1705267389.193953
1705267389.694190
1705267390.193945
1705267390.693914
1705267391.194178
1705267391.693900
1705267392.193859
1705267392.694056
1705267393.194186
1705267393.694229
1705267394.194083
1705267394.694139
1705267395.194085
1705267395.693904
1705267396.194310
1705267396.693998
1705267397.193932
1705267397.694241
1705267398.194227
1705267398.693838
1705267399.194199
1705267399.694149
1705267400.194223
1705267400.693851
1705267401.193805
1705267401.694184
1705267402.194211
1705267402.694250
1705267403.194013
1705267403.693902
1705267404.194063
1705267404.694153
1705267405.193854
1705267405.694163
1705267406.193879
1705267406.693906
1705267407.194023
1705267407.694139
1705267408.193975
1705267408.694171
1705267409.194012
1705267409.694170
1705267410.194182
1705267410.694146
1705267411.193927
1705267411.693907
1705267412.194158
1705267412.694133
1705267413.193925
1705267413.694040
1705267414.193984
1705267414.694044
1705267415.194159
1705267415.694017
1705267416.193819
1705267416.694169
1705267417.193886
1705267417.694257
1705267418.194016
1705267418.693789
1705267419.194095
1705267419.694107
1705267420.193966
1705267420.694178
1705267421.194011
1705267421.693949
1705267422.194210
1705267422.693999
1705267423.194180
1705267423.694186
1705267424.193899
1705267424.694007
1705267425.194145
1705267425.693976
1705267426.193786
1705267426.694231
1705267427.193990
1705267427.694173
1705267428.194084
1705267428.693808
1705267429.194178
1705267429.693788
1705267430.193973
1705267430.693846
1705267431.194181
1705267431.693959
1705267432.194087
1705267432.694034
1705267433.194173
1705267433.694008
1705267434.193933
1705267434.694001
1705267435.194145
1705267435.694225
1705267436.194172
1705267436.694208
1705267437.194110
1705267437.694019
1705267438.193887
1705267438.693908
1705267439.194219
1705267439.693798
1705267440.193974
1705267440.694196
1705267441.194179
1705267441.693856
1705267442.193851
1705267442.694212
1705267443.194128
1705267443.694235
1705267444.193859
1705267444.693871
1705267445.193813
1705267445.694151
1705267446.193952
1705267446.694132
1705267447.194179
1705267447.694200
1705267448.193919
1705267448.693994
1705267449.194013
1705267449.694066
1705267450.194170
1705267450.693843
1705267451.193808
1705267451.693984
1705267452.193878
1705267452.693850
1705267453.194165
1705267453.694289
1705267454.194191
1705267454.694209
1705267455.194047
1705267455.693981
1705267456.194225
1705267456.694075
1705267457.193975
1705267457.694103
1705267458.193994
1705267458.694185
1705267459.194188
1705267459.694150
1705267460.194189
1705267460.693987
1705267461.194155
1705267461.693860
1705267462.194354
1705267462.694142
1705267463.194234
1705267463.694154
1705267464.194197
1705267464.694183
1705267465.194028
1705267465.694178
1705267466.194190
1705267466.693927
1705267467.194169
1705267467.693950
1705267468.194067
1705267468.694159
1705267469.193793
1705267469.694173
1705267470.194026
1705267470.694165
1705267471.194181
1705267471.694030
1705267472.194141
1705267472.694180
1705267473.194108
1705267473.693787
1705267474.194068
1705267474.694146
1705267475.194169
1705267475.693900
1705267476.194214
1705267476.694103
1705267477.193937
1705267477.693831
1705267478.193828
1705267478.694181
1705267479.193999
