0.008779 0.980675
0.067481 0.951153
0.218246 0.812914
0.193342 0.830953
0.189125 0.750076
0.213888 0.565913
0.261166 0.276000
0.197190 0.221207
0.129665 0.152280
0.007230 1.127943
0.004413 1.001757
0.004741 1.014201
0.002823 0.789927
0.000048 0.600755
0.003999 0.456887
0.001790 0.300694
0.002330 0.283981
0.001780 0.251726
0.000000 0.000000
0.000118 0.000846
0.000093 0.000764
0.000153 0.001134
0.000110 0.000788
0.000000 0.000000
0.000000 0.000000
0.000000 0.000000
0.000000 -0.000007
0.000000 0.000000
0.000000 0.000000
0.000000 0.000000
0.000000 0.000000
0.000000 0.000001
0.000000 0.000000
0.000000 0.000000
0.000000 -0.000001
0.000000 -0.000001
0.000000 -0.000001
0.000000 0.000000
0.000000 -0.000002
0.000000 0.000000
0.000000 0.000000
0.000000 0.000000
0.000000 0.000000
0.000000 0.000000
0.000000 0.000000
0.000095 -0.000721
0.000115 -0.000877
0.000000 0.000000
0.000000 0.000000
0.000000 0.000000
0.000000 0.000002
0.000000 0.000000
0.000000 0.000000
0.000000 0.000000
0.000000 -0.000001
0.000000 0.000004
0.000000 0.000000
0.000000 0.000000
0.000000 0.000000
0.000000 -0.000001
0.000000 0.000000
0.000000 0.000000
0.000000 -0.000001
0.000000 0.000001
0.000000 0.000000
0.000000 -0.000001
0.000000 0.000000
0.000000 0.000000
0.000000 0.000001
0.000000 -0.000001
0.000000 -0.000005
0.000000 0.000000
0.000000 0.000000
0.000000 0.000002
0.000000 -0.000002
0.000000 0.000000
0.000000 0.000000
0.000000 0.000000
0.000000 -0.000002
0.000000 0.000000
0.000000 0.000000
0.000000 0.000000
0.000000 0.000000
0.000000 0.000000
0.000000 0.000000
0.000000 0.000000
0.000000 0.000000
0.000000 0.000000
0.000000 0.000000
0.000000 0.000000
0.000000 0.000008
0.000000 -0.000004
0.000000 0.000000
0.000000 0.000000
0.000000 0.000000
0.000000 0.000000
0.000000 0.000000
0.000000 0.000000
0.000000 0.000001
0.000000 0.000001
0.000000 0.000000
0.000000 0.000000
0.000000 0.000001
0.000000 0.000000
0.000000 0.000000
0.000000 0.000001
0.000000 -0.000004
0.000000 0.000000
0.000000 0.000000
0.000000 0.000000
0.000000 0.000000
0.000000 0.000000
0.000000 0.000000
0.000000 0.000000
0.000000 0.000000
0.000000 0.000000
0.000000 0.000001
0.000000 0.000002
0.000000 0.000000
0.000000 0.000000
0.000000 0.000000
0.000000 0.000001
0.000000 -0.000004
0.000000 0.000003
0.000000 0.000000
0.000000 0.000000
0.000000 0.000002
0.000000 -0.000003
0.000000 -0.000002
0.000000 0.000000
0.000000 -0.000004
0.000000 0.000003
0.000000 0.000000
0.000000 0.000000
0.000000 0.000002
0.000000 -0.000001
0.000000 0.000000
0.000000 0.000000
0.000000 0.000000
0.000000 0.000000
0.000000 0.000000
0.000000 0.000000
0.000000 0.000000
0.000000 0.000000
0.000000 -0.000001
0.000000 0.000000
0.000000 -0.000004
0.000000 0.000000
0.000000 0.000000
0.000000 0.000003
0.000000 -0.000004
0.000000 0.000000
0.000000 0.000000
0.000000 0.000000
0.000000 0.000000
0.000000 0.000000
0.000000 0.000000
0.000000 0.000000
0.000000 0.000000
0.000000 -0.000001
0.000000 0.000001
0.000000 0.000003
0.000000 -0.000001
0.000000 0.000003
0.000000 0.000000
0.000000 0.000000
0.000000 0.000000
0.000000 0.000000
0.000000 0.000000
0.000000 0.000000
0.000000 0.000000
0.000000 -0.000001
0.000000 0.000001
0.000000 0.000000
0.000000 -0.000001
0.000000 0.000000
0.000000 0.000000
0.000000 0.000000
0.000000 0.000000
0.000000 0.000000
0.000000 0.000000
0.000000 0.000000
0.000000 0.000000
0.000000 0.000000
0.000000 0.000000
0.000000 0.000000
0.000000 -0.000001
0.000000 -0.000003
0.000000 -0.000001
0.000000 -0.000002
0.000000 0.000000
0.000000 0.000000
0.000000 0.000000
0.000000 0.000000
0.000000 -0.000001
0.000000 0.000000
0.000000 0.000000
0.000000 0.000000
0.000000 -0.000006
0.000000 0.000000
0.000000 0.000000
0.000000 0.000004
0.000000 0.000002
0.000000 0.000000
0.000000 -0.000004
0.000000 0.000002
0.000000 -0.000002
0.000000 0.000000
0.000000 0.000000
0.000000 0.000000
0.000000 0.000000
0.000000 0.000000
0.000000 0.000001
0.000000 0.000000
0.000000 0.000000
0.000000 0.000000
0.000000 0.000000
0.000000 -0.000003
0.000000 0.000009
0.000000 0.000003
0.000000 0.000000
0.000000 0.000000
0.000000 0.000000
0.000000 0.000000
0.000000 0.000000
0.000000 0.000000
0.000000 0.000004
0.000000 0.000000
0.000000 -0.000004
0.000000 0.000001
0.000000 0.000000
0.000000 0.000000
0.000000 0.000000
0.000000 0.000000
0.000000 0.000000
0.000000 0.000000
0.000000 0.000000
0.000000 0.000000
0.000000 0.000000
0.000000 0.000000
0.000000 0.000000
0.000000 0.000000
0.000000 0.000000
0.000000 0.000000
0.000000 -0.000001
0.000000 0.000000
0.000000 0.000002
0.000000 0.000000
0.000000 0.000000
0.000000 0.000000
0.000000 0.000000
0.000000 0.000000
0.000000 0.000000
0.000000 0.000000
0.000000 0.000005
0.000000 0.000000
0.000000 0.000000
0.000000 0.000006
0.000000 -0.000006
0.000000 0.000000
0.000000 0.000000
0.000000 -0.000003
0.000000 0.000000
0.000000 0.000000
0.000000 0.000003
0.000000 0.000008
0.000000 0.000004
0.000000 0.000000
0.000000 0.000000
0.000000 -0.000001
0.000000 0.000000
0.000000 0.000000
0.000000 -0.000001
0.000000 0.000004
0.000000 0.000004
0.000000 0.000000
0.000000 0.000000
0.000000 0.000000
0.000000 0.000000
0.000000 0.000000
0.000000 0.000000
0.000000 0.000000
0.000000 0.000000
0.000000 -0.000001
0.000000 -0.000005
0.000000 0.000000
0.000000 0.000001
0.000000 -0.000001
0.000000 0.000007
0.000000 0.000002
0.000000 0.000000
0.000000 0.000000
0.000000 0.000000
0.000000 0.000000
0.000000 -0.000006
0.000000 0.000001
0.000000 0.000000
0.000000 0.000000
0.000000 0.000000
0.000000 0.000001
0.000000 0.000000
0.000000 0.000000
0.000000 -0.000005
0.000000 0.000000
0.000000 0.000000
0.000000 0.000000
0.000000 0.000000
0.000000 0.000000
0.000000 0.000000
0.000000 0.000001
0.000000 0.000000
0.000000 0.000003
0.000000 0.000000
0.000000 0.000000
0.000000 0.000006
0.000000 0.000000
0.000000 0.000000
0.000000 0.000003
0.000000 0.000000
0.000000 0.000000
0.000000 0.000000
0.000000 0.000000
0.000000 0.000000
0.000000 0.000000
0.000000 0.000000
0.000000 0.000009
0.000000 0.000000
0.000000 0.000001
0.000000 0.000001
0.000000 -0.000001
0.000000 -0.000001
0.000000 0.000005
0.000000 0.000000
0.000000 0.000000
0.000000 0.000006
0.000000 0.000000
0.000000 0.000000
0.000000 -0.000001
0.000000 0.000000
0.000000 -0.000001
0.000000 0.000001
0.000000 0.000000
0.000000 -0.000001
0.000000 0.000000
0.000000 0.000000
0.000000 0.000007
0.000000 0.000000
0.000000 0.000000
0.000000 0.000000
0.000000 0.000000
0.000000 0.000000
0.000000 0.000000
0.000000 -0.000004
0.000000 0.000003
0.000000 0.000000
0.000000 0.000000
0.000000 -0.000004
0.000000 0.000000
0.000000 0.000001
0.000000 0.000000
0.000000 0.000000
0.000000 -0.000003
0.000000 0.000000
0.000000 0.000000
0.000000 0.000000
0.000000 0.000000
0.000000 0.000000
0.000000 0.000003
0.000000 0.000000
0.000000 -0.000001
0.000000 0.000000
0.000000 0.000000
0.000000 0.000000
0.000000 0.000001
0.000000 0.000000
0.000000 -0.000001
0.000000 0.000000
0.000000 0.000000
0.000000 0.000000
0.000000 -0.000006
0.000000 0.000000
0.000000 0.000000
0.000000 -0.000004
0.000000 0.000000
0.000000 0.000000
0.000000 0.000000
0.000000 0.000001
0.000000 0.000000
0.000000 0.000008
0.000000 0.000000
0.000000 0.000000
0.000000 0.000000
0.000000 0.000000
0.000000 0.000000
0.000000 -0.000003
0.000000 0.000000
0.000000 0.000000
0.000000 -0.000001
0.000000 0.000000
0.000000 0.000000
0.000000 0.000000
0.000000 0.000000
0.000000 0.000000
0.000000 0.000000
0.000000 0.000000
0.000000 0.000000
0.000000 0.000000
0.000000 0.000000
0.000000 0.000001
0.000000 -0.000004
0.000000 0.000000
0.000000 -0.000003
0.000000 0.000000
0.000000 0.000004
0.000000 0.000004
0.000000 0.000000
0.000000 0.000000
0.000000 0.000000
0.000000 0.000000
0.000000 0.000000
0.000000 0.000000
0.000000 0.000000
0.000000 0.000000
0.000000 0.000000
0.000000 0.000001
0.000000 0.000002
0.000000 0.000001
0.000000 0.000000
0.000000 0.000000
0.000000 0.000000
0.000000 0.000000
0.000000 0.000000
0.000000 0.000000
0.000000 0.000000
0.000000 0.000000
0.000000 -0.000001
0.000000 0.000000
0.000000 0.000001
0.000000 -0.000004
0.000000 -0.000003
0.000000 -0.000001
0.000000 0.000000
0.000000 0.000001
0.000000 0.000000
0.000000 0.000000
0.000000 0.000000
0.000000 -0.000006
0.000000 0.000001
0.000000 0.000000
0.000000 0.000000
0.000000 0.000005
0.000000 0.000000
0.000000 0.000000
0.000000 0.000000
0.000000 0.000000
0.000000 0.000000
0.000000 0.000000
0.000000 0.000001
0.000000 0.000000
0.000000 0.000000
0.000000 0.000000
0.000000 0.000000
0.000000 0.000000
0.000000 0.000000
0.000000 0.000000
0.000000 0.000000
0.000000 0.000001
0.000000 0.000000
0.000000 0.000000
0.000000 0.000000
0.000000 0.000000
0.000000 0.000000
0.000000 0.000000
0.000000 0.000000
0.000000 0.000000
0.000000 0.000000
0.000000 0.000000
0.000000 0.000000
0.000000 0.000000
0.000000 0.000000
0.000000 0.000000
0.000000 -0.000001
0.000000 0.000000
0.000000 0.000000
0.000000 0.000000
0.000000 0.000000
0.000000 0.000000
0.000000 0.000000
0.000000 0.000000
0.000000 0.000000
0.000000 0.000000
0.000000 0.000000
0.000000 0.000000
0.000000 0.000000
0.000000 0.000000
0.000000 0.000000
0.000000 0.000000
0.000000 -0.000003
0.000000 0.000000
0.000000 0.000000
0.000000 0.000000
0.000000 0.000000
0.000000 0.000000
0.000000 0.000000
0.000000 0.000000
0.000000 0.000000
0.000000 0.000000
0.000000 0.000006
0.000000 0.000000
0.000000 0.000002
0.000000 0.000009
0.000000 0.000000
0.000000 0.000000
0.000000 0.000000
0.000000 0.000000
0.000000 0.000000
0.000000 0.000000
0.000000 -0.000001
0.000000 0.000004
0.000000 0.000000
0.000000 0.000000
0.000000 -0.000002
0.000000 0.000000
0.000000 -0.000001
0.000000 0.000000
0.000000 0.000001
0.000000 0.000002
0.000000 0.000001
0.000000 0.000000
0.000000 0.000000
0.000000 0.000000
0.000000 0.000000
0.000000 0.000000
0.000000 0.000000
0.000000 -0.000003
0.000000 0.000005
0.000000 0.000000
0.000000 0.000001
0.000000 0.000004
0.000000 0.000004
0.000000 0.000000
0.000000 0.000000
0.000000 0.000000
0.000000 0.000000
0.000000 0.000000
0.000000 0.000000
0.000000 0.000000
0.000000 0.000000
0.000000 0.000004
0.000000 -0.000005
0.000000 -0.000001
0.000000 0.000000
0.000000 0.000000
0.000000 0.000005
0.000000 0.000003
0.000000 0.000000
0.000000 0.000000
0.000000 0.000000
0.000000 -0.000007
0.000000 0.000002
0.000000 0.000000
0.000000 0.000000
0.000000 0.000000
0.000000 0.000006
0.000000 0.000001
0.000000 0.000000
0.000000 0.000000
0.000000 0.000000
0.000000 0.000000
0.000000 0.000000
0.000000 0.000000
0.000000 0.000000
0.000000 0.000000
0.000000 0.000000
0.000000 0.000000
0.000000 0.000000
0.000000 -0.000002
0.000000 0.000000
0.000000 0.000001
0.000000 0.000000
0.000000 0.000000
0.000000 0.000001
0.000000 -0.000012
0.000000 0.000000
0.000000 0.000000
0.000000 0.000000
0.000000 0.000000
0.000000 0.000000
0.000000 0.000000
0.000000 0.000002
0.000000 0.000005
0.000000 -0.000001
0.000000 -0.000001
0.000000 0.000000
0.000000 0.000000
0.000000 -0.000005
0.000000 0.000000
0.000000 0.000000
0.000000 0.000000
0.000000 0.000008
0.000000 0.000000
0.000000 0.000000
0.000000 0.000001
0.000000 0.000000
0.000000 0.000000
0.000000 0.000000
0.000000 0.000000
0.000000 0.000000
0.000000 0.000000
0.000000 -0.000004
0.000000 0.000001
0.000000 0.000000
0.000000 0.000000
0.000000 0.000000
0.000000 0.000000
0.000000 0.000000
0.000000 0.000000
0.000000 0.000000
0.000000 0.000000
0.000000 0.000000
0.000000 0.000000
0.000000 0.000000
0.000000 0.000000
0.000000 -0.000002
0.000000 0.000000
0.000000 0.000000
0.000000 0.000000
0.000000 0.000000
0.000000 0.000000
0.000000 0.000000
0.000000 0.000000
0.000000 0.000000
0.000000 -0.000001
0.000000 -0.000001
0.000000 0.000001
0.000000 0.000002
0.000000 0.000000
0.000000 -0.000001
0.000000 -0.000001
0.000000 0.000000
0.000000 0.000000
0.000000 0.000002
0.000000 0.000000
0.000000 0.000000
0.000000 0.000000
0.000000 -0.000001
0.000000 0.000000
0.000000 0.000003
0.000000 0.000000
0.000000 0.000001
0.000000 0.000005
0.000000 0.000000
0.000000 0.000000
0.000000 0.000000
0.000000 0.000000
0.000000 0.000000
0.000000 0.000000
0.000000 0.000000
0.000000 0.000000
0.000000 0.000000
0.000000 0.000000
0.000000 0.000005
0.000000 0.000005
0.000000 0.000010
0.000000 0.000000
0.000000 0.000000
0.000000 0.000004
0.000000 0.000000
0.000000 0.000000
0.000000 0.000001
0.000000 -0.000002
0.000000 0.000000
0.000000 0.000000
0.000000 0.000000
0.000000 0.000009
0.000000 0.000003
0.000000 0.000000
0.000000 -0.000001
0.000000 0.000000
0.000000 0.000002
0.000000 0.000000
0.000000 0.000000
0.000000 0.000000
0.000000 0.000000
0.000000 0.000000
0.000000 0.000000
0.000000 0.000000
0.000000 0.000004
0.000000 -0.000002
0.000000 0.000001
0.000000 -0.000004
0.000000 0.000002
0.000000 0.000000
0.000000 0.000000
0.000000 0.000000
0.000000 0.000000
0.000000 0.000000
0.000000 0.000000
0.000000 0.000000
0.000000 0.000000
0.000000 0.000000
0.000000 0.000002
0.000000 0.000004
0.000000 -0.000002
0.000000 -0.000006
0.000000 0.000001
0.000000 0.000000
0.000000 0.000003
0.000000 -0.000001
0.000000 0.000000
0.000000 0.000000
0.000000 0.000003
0.000000 0.000001
0.000000 0.000007
0.000000 0.000000
0.000000 0.000005
0.000000 0.000000
0.000000 0.000000
0.000000 0.000000
0.000000 -0.000005
0.000000 0.000000
0.000000 0.000003
0.000000 0.000000
0.000000 0.000001
0.000000 0.000000
0.000000 -0.000001
0.000000 0.000000
0.000000 0.000000
0.000000 0.000000
0.000000 0.000001
0.000000 -0.000001
0.000000 0.000003
0.000000 0.000000
0.000000 0.000000
0.000000 0.000004
0.000000 -0.000002
0.000000 0.000000
0.000000 0.000000
0.000000 0.000000
0.000000 0.000003
0.000000 0.000000
0.000000 0.000000
0.000000 0.000000
0.000000 0.000000
0.000000 0.000002
0.000000 0.000000
0.000000 0.000000
0.000000 0.000004
0.000000 0.000000
0.000000 0.000000
0.000000 0.000001
0.000000 -0.000001
0.000000 0.000000
0.000000 0.000001
0.000000 -0.000001
0.000000 -0.000001
0.000000 0.000000
0.000000 0.000000
0.000000 -0.000001
0.000000 0.000000
0.000000 0.000000
0.000000 0.000001
0.000000 0.000001
0.000000 -0.000006
0.000000 0.000001
0.000000 0.000000
0.000000 0.000000
0.000000 0.000000
0.000000 0.000000
0.000000 0.000000
0.000000 0.000000
0.000000 0.000000
0.000000 0.000000
0.000000 -0.000001
0.000000 0.000000
0.000000 0.000001
0.000000 0.000000
0.000000 0.000001
0.000000 0.000000
0.000000 0.000000
0.000000 0.000000
0.000000 0.000000
0.000000 0.000000
0.000000 0.000000
0.000000 0.000000
0.000000 0.000007
0.000000 0.000001
0.000000 -0.000001
0.000000 0.000000
0.000000 -0.000001
0.000000 0.000001
0.000000 0.000006
0.000000 0.000000
0.000000 0.000000
0.000000 0.000000
0.000000 0.000000
0.000000 0.000000
0.000000 0.000000
0.000000 0.000000
0.000000 0.000000
0.000000 -0.000001
0.000000 0.000000
0.000000 0.000000
0.000000 -0.000001
0.000000 0.000000
0.000000 0.000000
0.000000 0.000000
0.000000 0.000000
0.000000 -0.000003
0.000000 0.000000
0.000000 0.000004
0.000000 0.000000
0.000000 0.000000
0.000000 0.000000
0.000000 0.000000
0.000000 0.000003
0.000000 0.000001
0.000000 0.000006
0.000000 0.000001
0.000000 -0.000002
0.000000 0.000000
0.000000 0.000000
0.000000 0.000000
0.000000 0.000000
0.000000 0.000000
0.000000 0.000000
0.000000 0.000000
0.000000 0.000000
0.000000 -0.000011
0.000000 -0.000001
0.000000 -0.000001
0.000000 -0.000002
0.000000 -0.000006
0.000000 0.000000
0.000000 0.000000
0.000000 0.000000
0.000000 -0.000001
0.000000 0.000000
0.000000 0.000000
0.000000 0.000000
0.000000 0.000000
0.000000 0.000000
0.000000 0.000000
0.000000 0.000008
0.000000 0.000000
0.000000 -0.000003
0.000000 -0.000001
0.000000 -0.000001
0.000000 0.000000
0.000000 0.000000
0.000000 0.000000
0.000000 0.000000
0.000000 0.000000
0.000000 0.000000
0.000000 0.000000
0.000000 0.000004
0.000000 0.000000
0.000000 0.000002
0.000000 0.000005
0.000000 0.000000
0.000000 0.000000
0.000000 0.000000
0.000000 0.000000
0.000000 0.000000
0.000000 0.000000
0.000000 0.000000
0.000000 0.000000
0.000000 0.000000
0.000000 -0.000006
0.000000 0.000000
0.000000 0.000005
0.000000 0.000000
0.000000 0.000000
0.000000 0.000007
0.000000 0.000001
0.000000 0.000000
0.000000 0.000000
0.000000 0.000000
0.000000 0.000000
0.000000 0.000000
0.000000 0.000000
0.000000 0.000000
0.000000 0.000000
0.000000 0.000000
0.000000 0.000000
0.000000 -0.000001
0.000000 -0.000004
0.000000 -0.000004
0.000000 0.000000
0.000000 0.000001
0.000000 0.000000
0.000000 0.000000
0.000000 0.000000
0.000000 0.000000
0.000000 0.000006
0.000000 0.000001
0.000000 0.000000
0.000000 0.000000
0.000000 0.000001
0.000000 -0.000005
0.000000 0.000003
0.000000 0.000000
0.000000 0.000000
0.000000 0.000000
0.000000 0.000000
0.000000 0.000000
0.000000 0.000000
0.000000 0.000000
0.000000 0.000000
0.000000 0.000000
0.000000 0.000005
0.000000 0.000000
0.000000 0.000000
0.000000 0.000001
0.000000 0.000000
0.000000 0.000001
0.000000 0.000000
0.000000 0.000005
0.000000 0.000000
0.000000 0.000000
0.000000 0.000000
0.000000 0.000000
0.000000 0.000000
0.000000 0.000000
0.000000 0.000000
0.000000 0.000000
0.000000 -0.000001
0.000000 0.000003
0.000000 0.000002
0.000000 0.000004
0.000000 0.000000
0.000000 0.000001
0.000000 0.000000
0.000000 0.000000
0.000000 0.000000
0.000000 0.000000
0.000000 0.000000
0.000000 0.000000
0.000000 -0.000001
0.000000 0.000000
0.000000 0.000003
0.000000 0.000004
0.000000 -0.000001
0.000000 -0.000002
0.000000 0.000000
0.000000 0.000000
0.000000 0.000000
0.000000 0.000000
0.000000 0.000000
0.000000 0.000000
0.000000 0.000000
0.000000 0.000001
0.000000 0.000000
0.000000 0.000004
0.000000 0.000001
0.000000 -0.000001
0.000000 0.000000
0.000000 0.000004
0.000000 0.000000
0.000000 -0.000001
0.000000 0.000000
0.000000 -0.000010
0.000000 0.000000
0.000000 0.000005
0.000000 0.000001
0.000000 0.000000
0.000000 0.000000
0.000000 -0.000007
0.000000 0.000000
0.000000 0.000001
0.000000 0.000000
0.000000 -0.000001
0.000000 0.000000
0.000000 -0.000001
0.000000 0.000000
0.000000 0.000000
0.000000 0.000000
0.000000 0.000000
0.000000 0.000000
0.000000 0.000000
0.000000 0.000004
0.000000 -0.000001
0.000000 0.000000
0.000000 0.000003
0.000000 0.000000
0.000000 0.000000
0.000000 0.000000
0.000000 -0.000006
0.000000 0.000000
0.000000 0.000000
0.000000 0.000000
0.000000 0.000009
0.000000 0.000000
0.000000 0.000000
0.000000 0.000000
0.000000 -0.000013
0.000000 0.000003
0.000000 0.000002
0.000000 0.000000
0.000000 0.000000
0.000000 0.000001
0.000000 0.000000
0.000000 0.000000
0.000000 0.000000
0.000000 0.000000
0.000000 0.000000
0.000000 0.000000
0.000000 0.000000
0.000000 0.000003
0.000000 0.000006
0.000000 0.000001
0.000000 -0.000001
0.000000 -0.000006
0.000000 0.000000
0.000000 0.000002
0.000000 0.000006
0.000000 0.000000
0.000000 0.000000
0.000000 0.000000
0.000000 0.000000
0.000000 0.000000
0.000000 0.000001
0.000000 0.000002
0.000000 0.000000
0.000000 0.000001
0.000000 0.000000
0.000000 0.000001
0.000000 0.000006
0.000000 0.000000
0.000000 0.000000
0.000000 0.000000
0.000000 0.000000
0.000000 -0.000006
0.000000 0.000000
0.000000 0.000000
0.000000 -0.000001
0.000000 0.000000
0.000000 0.000000
0.000000 0.000004
0.000000 0.000004
0.000000 0.000000
0.000000 0.000000
0.000000 0.000006
0.000000 0.000005
0.000000 0.000000
0.000000 0.000000
0.000000 0.000000
0.000000 0.000000
0.000000 0.000000
0.000000 0.000000
0.000000 0.000001
0.000000 0.000000
0.000000 0.000000
0.000000 0.000000
0.000000 0.000000
0.000000 -0.000005
0.000000 0.000000
0.000000 0.000000
0.000000 0.000000
0.000000 0.000000
0.000000 0.000000
0.000000 0.000000
0.000000 0.000000
0.000000 0.000000
0.000000 0.000000
0.000000 0.000000
0.000000 -0.000001
0.000000 0.000001
0.000000 -0.000004
0.000000 0.000000
0.000000 0.000000
0.000000 -0.000005
0.000000 0.000000
0.000000 0.000000
0.000000 0.000000
0.000000 0.000000
0.000000 -0.000005
0.000000 0.000000
