1705266777.725721
1705266778.225942
1705266778.725726
1705266779.225782
1705266779.725775
1705266780.225957
1705266780.726054
1705266781.225980
1705266781.725853
1705266782.225744
1705266782.725702
1705266783.225853
1705266783.725957
1705266784.226001
1705266784.726037
1705266785.225986
1705266785.726108
1705266786.225782
1705266786.725963
1705266787.225997
1705266787.725740
1705266788.226062
1705266788.725830
1705266789.225839
1705266789.725988
1705266790.225778
1705266790.725850
1705266791.225886
1705266791.725880
1705266792.226006
1705266792.726000
1705266793.226097
1705266793.725891
1705266794.226055
1705266794.725935
1705266795.226022
1705266795.726010
1705266796.226069
1705266796.725843
1705266797.225884
1705266797.725791
1705266798.225738
1705266798.725851
1705266799.226023
1705266799.725999
1705266800.225743
1705266800.725956
1705266801.226000
1705266801.725723
1705266802.226036
1705266802.725861
1705266803.225819
1705266803.725897
1705266804.225888
1705266804.725783
1705266805.225892
1705266805.726023
1705266806.226111
1705266806.725983
1705266807.226099
1705266807.726001
1705266808.225954
1705266808.725981
1705266809.226006
1705266809.725905
1705266810.225965
1705266810.725989
1705266811.225968
1705266811.725767
1705266812.225776
1705266812.726031
1705266813.226032
1705266813.725885
1705266814.225758
1705266814.725881
1705266815.225724
1705266815.726029
1705266816.225742
1705266816.725796
1705266817.225746
1705266817.725818
1705266818.225909
1705266818.725955
1705266819.225829
1705266819.725958
1705266820.225964
1705266820.725960
1705266821.225982
1705266821.725980
1705266822.225930
1705266822.725820
1705266823.226017
1705266823.725925
1705266824.225805
1705266824.726022
1705266825.225757
1705266825.725788
1705266826.225856
1705266826.725991
1705266827.225867
1705266827.725966
1705266828.225748
1705266828.725891
1705266829.225989
1705266829.725951
1705266830.225970
1705266830.725729
1705266831.226011
1705266831.725906
1705266832.225939
1705266832.725762
1705266833.225794
1705266833.725872
1705266834.225965
1705266834.726001
1705266835.225869
1705266835.726143
1705266836.225902
1705266836.725732
1705266837.225843
1705266837.725913
1705266838.225819
1705266838.725808
1705266839.225925
1705266839.725927
1705266840.225817
1705266840.725851
1705266841.225826
1705266841.726000
1705266842.225754
1705266842.726105
1705266843.225972
1705266843.725768
1705266844.225718
1705266844.725877
1705266845.225973
1705266845.725834
1705266846.225978
1705266846.725804
1705266847.225765
1705266847.725911
1705266848.225918
1705266848.725969
1705266849.225957
1705266849.726000
1705266850.225959
1705266850.726059
1705266851.225880
1705266851.725879
1705266852.225822
1705266852.725867
1705266853.225846
1705266853.725801
1705266854.225993
1705266854.725865
1705266855.225822
1705266855.726043
1705266856.225877
1705266856.725758
1705266857.225981
1705266857.725945
1705266858.225845
1705266858.725793
1705266859.225824
1705266859.725939
1705266860.225913
1705266860.725830
1705266861.225865
1705266861.725859
1705266862.225998
1705266862.725975
1705266863.226011
1705266863.725976
1705266864.225795
1705266864.726180
1705266865.225780
1705266865.725818
1705266866.225988
1705266866.725723
1705266867.225883
1705266867.725829
1705266868.225920
1705266868.725782
1705266869.226127
1705266869.725996
1705266870.225988
1705266870.726019
1705266871.225902
1705266871.725954
1705266872.225895
1705266872.725895
1705266873.225979
1705266873.725766
1705266874.225856
1705266874.725780
1705266875.226018
1705266875.725742
1705266876.225913
1705266876.725978
1705266877.225826
1705266877.725768
1705266878.225735
1705266878.725731
1705266879.226003
1705266879.725977
1705266880.225761
1705266880.725816
1705266881.225995
1705266881.725991
1705266882.225888
1705266882.726147
1705266883.226088
1705266883.726012
1705266884.225922
1705266884.725815
1705266885.225916
1705266885.726005
1705266886.225944
1705266886.725787
1705266887.225725
1705266887.725849
1705266888.226018
1705266888.725849
1705266889.225969
1705266889.725885
1705266890.226017
1705266890.725800
1705266891.226012
1705266891.726014
1705266892.225721
1705266892.725994
1705266893.225909
1705266893.726120
1705266894.225905
1705266894.725784
1705266895.225998
1705266895.725928
1705266896.225852
1705266896.725882
1705266897.225998
1705266897.725915
1705266898.225838
1705266898.725871
1705266899.226050
1705266899.725764
1705266900.225720
1705266900.725833
1705266901.225923
1705266901.725895
1705266902.226005
1705266902.725968
1705266903.225919
1705266903.725974
1705266904.225811
1705266904.725864
1705266905.226008
1705266905.726016
1705266906.226029
1705266906.726057
1705266907.225973
1705266907.725925
1705266908.225744
1705266908.725972
1705266909.225973
1705266909.725785
1705266910.225760
1705266910.725782
1705266911.226004
1705266911.726150
1705266912.225863
1705266912.725796
1705266913.225979
1705266913.726059
1705266914.225964
1705266914.725726
1705266915.226022
1705266915.726005
1705266916.225792
1705266916.725894
1705266917.225757
1705266917.725801
1705266918.225882
1705266918.725999
1705266919.226008
1705266919.725650
1705266920.225936
1705266920.725972
1705266921.225739
1705266921.725790
1705266922.225949
1705266922.725892
1705266923.225824
1705266923.726017
1705266924.225867
1705266924.725886
1705266925.226007
1705266925.726107
1705266926.225806
1705266926.726007
1705266927.225980
1705266927.725983
1705266928.225812
1705266928.725724
1705266929.225720
1705266929.725913
1705266930.226016
1705266930.725981
1705266931.225815
1705266931.725968
1705266932.225880
