1705264930.678013
1705264931.177994
1705264931.678040
1705264932.177894
1705264932.678112
1705264933.177948
1705264933.677949
1705264934.178105
1705264934.677973
1705264935.178059
1705264935.677988
1705264936.178104
1705264936.677989
1705264937.177994
1705264937.677992
1705264938.177954
1705264938.678009
1705264939.177956
1705264939.678272
1705264940.178238
1705264940.677991
1705264941.177948
1705264941.677951
1705264942.178029
1705264942.678013
1705264943.178134
1705264943.678025
1705264944.177872
1705264944.677980
1705264945.177942
1705264945.677960
1705264946.177977
1705264946.677946
1705264947.178171
1705264947.678045
1705264948.177951
1705264948.677952
1705264949.178216
1705264949.678086
1705264950.178064
1705264950.677958
1705264951.178008
1705264951.678315
1705264952.177937
1705264952.677997
1705264953.178049
1705264953.677990
1705264954.177959
1705264954.678160
1705264955.177979
1705264955.677984
1705264956.177968
1705264956.678163
1705264957.178178
1705264957.678194
1705264958.178400
1705264958.678029
1705264959.178145
1705264959.678127
1705264960.178054
1705264960.678225
1705264961.178090
1705264961.678135
1705264962.177984
1705264962.678055
1705264963.178094
1705264963.678056
1705264964.177950
1705264964.678214
1705264965.177961
1705264965.678091
1705264966.178328
1705264966.678308
1705264967.177958
1705264967.677991
1705264968.178098
1705264968.677908
1705264969.178044
1705264969.678118
1705264970.178362
1705264970.678230
1705264971.178237
1705264971.678103
1705264972.177870
1705264972.678199
1705264973.178103
1705264973.678025
1705264974.178369
1705264974.678224
1705264975.178372
1705264975.678035
1705264976.177931
1705264976.677959
1705264977.178144
1705264977.678348
1705264978.178062
1705264978.678193
1705264979.178471
1705264979.678016
1705264980.178615
1705264980.678354
1705264981.178339
1705264981.678026
1705264982.178176
1705264982.677892
1705264983.178039
1705264983.677984
1705264984.178058
1705264984.678147
1705264985.178268
1705264985.678103
1705264986.177867
1705264986.678086
1705264987.178159
1705264987.678194
1705264988.178005
1705264988.678031
1705264989.178032
1705264989.677985
1705264990.178190
1705264990.678050
1705264991.178158
1705264991.678097
1705264992.177995
1705264992.678023
1705264993.178395
1705264993.678119
1705264994.178550
1705264994.678084
1705264995.177943
1705264995.678028
1705264996.178021
1705264996.678114
1705264997.178321
1705264997.678043
1705264998.178150
1705264998.678202
1705264999.178213
1705264999.678326
1705265000.178118
1705265000.678082
1705265001.178109
1705265001.677993
1705265002.178147
1705265002.678104
1705265003.178029
1705265003.678048
1705265004.178143
1705265004.677972
1705265005.178194
1705265005.678083
1705265006.179769
1705265006.678061
1705265007.178074
1705265007.678195
1705265008.177972
1705265008.678222
1705265009.178164
1705265009.678133
1705265010.178172
1705265010.678015
1705265011.178306
1705265011.678107
1705265012.178131
1705265012.678122
1705265013.178310
1705265013.678117
1705265014.178191
1705265014.678157
1705265015.178182
1705265015.678256
1705265016.177938
1705265016.678196
1705265017.178183
1705265017.678023
1705265018.178224
1705265018.678218
1705265019.178089
1705265019.678149
1705265020.178151
1705265020.677957
1705265021.177993
1705265021.678099
1705265022.178248
1705265022.677959
1705265023.178102
1705265023.678320
1705265024.178098
1705265024.678329
1705265025.178124
1705265025.678198
1705265026.178017
1705265026.678156
1705265027.178017
1705265027.678035
1705265028.177992
1705265028.678419
1705265029.177987
1705265029.677964
1705265030.177946
1705265030.677936
1705265031.177986
1705265031.678194
1705265032.178121
1705265032.677960
1705265033.177992
1705265033.678037
1705265034.178104
1705265034.678054
1705265035.177957
1705265035.677976
1705265036.178025
1705265036.678094
1705265037.178080
1705265037.678098
1705265038.177980
1705265038.678195
1705265039.178172
1705265039.678291
1705265040.178401
1705265040.678043
1705265041.178381
1705265041.678239
1705265042.178004
1705265042.677982
1705265043.178177
1705265043.678181
1705265044.178067
1705265044.678052
1705265045.178247
1705265045.678034
1705265046.177938
1705265046.677988
1705265047.178334
1705265047.678245
1705265048.178034
1705265048.679186
1705265049.177943
1705265049.677971
1705265050.178053
1705265050.678031
1705265051.178103
1705265051.677986
1705265052.177980
1705265052.678027
1705265053.178075
1705265053.678125
1705265054.178010
1705265054.678158
1705265055.177999
1705265055.678058
1705265056.178119
1705265056.678430
1705265057.178030
1705265057.678172
1705265058.178103
1705265058.677961
1705265059.177998
1705265059.678114
1705265060.178102
1705265060.678200
1705265061.178164
1705265061.678028
1705265062.178033
1705265062.677973
1705265063.178176
1705265063.678159
1705265064.178081
1705265064.678241
1705265065.178426
1705265065.678022
1705265066.178071
1705265066.678213
1705265067.178056
1705265067.678022
1705265068.178192
1705265068.678228
1705265069.178166
1705265069.678177
1705265070.178073
1705265070.678075
1705265071.178141
1705265071.678189
1705265072.178192
1705265072.678107
1705265073.178137
1705265073.678001
1705265074.178125
1705265074.678132
1705265075.178193
1705265075.678187
1705265076.177994
1705265076.677979
1705265077.177988
1705265077.678055
1705265078.177974
1705265078.678013
1705265079.178066
1705265079.678046
1705265080.178227
1705265080.678053
1705265081.178182
1705265081.678114
1705265082.178115
1705265082.678045
1705265083.178137
1705265083.678231
1705265084.178152
1705265084.678014
1705265085.178000
1705265085.678048
1705265086.178007
1705265086.678376
1705265087.178288
1705265087.678099
1705265088.178076
1705265088.678395
1705265089.178201
1705265089.678100
1705265090.178066
1705265090.678222
1705265091.178241
1705265091.677980
1705265092.178114
1705265092.677973
1705265093.177916
1705265093.678176
1705265094.178150
1705265094.678207
1705265095.178193
1705265095.678015
1705265096.178031
1705265096.678152
1705265097.178148
1705265097.678085
1705265098.178450
1705265098.678211
1705265099.178206
1705265099.678000
1705265100.178256
1705265100.678030
1705265101.177975
1705265101.678042
1705265102.178091
1705265102.678018
1705265103.178211
1705265103.678001
1705265104.178017
1705265104.677985
1705265105.178116
1705265105.678052
1705265106.178054
1705265106.678004
1705265107.178045
1705265107.677979
1705265108.178209
1705265108.678024
1705265109.177970
1705265109.678169
1705265110.178050
1705265110.678042
1705265111.178201
1705265111.678074
1705265112.178117
1705265112.678363
1705265113.178015
1705265113.678062
1705265114.177984
1705265114.677958
1705265115.178049
1705265115.678261
1705265116.178300
1705265116.677960
1705265117.178054
1705265117.678031
1705265118.178236
1705265118.678131
1705265119.178104
1705265119.678216
1705265120.178044
1705265120.678284
1705265121.178071
1705265121.678218
1705265122.178113
1705265122.678029
1705265123.178221
1705265123.678007
1705265124.178082
1705265124.678200
1705265125.178131
1705265125.678091
1705265126.178182
1705265126.678078
1705265127.178252
1705265127.677978
1705265128.178039
1705265128.677991
1705265129.178034
1705265129.678472
1705265130.178320
1705265130.677992
1705265131.178024
1705265131.678002
1705265132.178093
1705265132.678190
1705265133.177944
1705265133.678062
1705265134.178155
1705265134.678230
1705265135.178190
1705265135.677974
1705265136.177955
1705265136.678090
1705265137.178223
1705265137.678743
1705265138.177965
1705265138.678236
1705265139.178182
1705265139.678182
1705265140.178169
1705265140.677933
1705265141.177926
1705265141.677895
1705265142.177929
1705265142.677948
1705265143.177962
1705265143.677979
1705265144.177965
1705265144.677971
1705265145.177957
1705265145.678004
1705265146.178278
1705265146.678129
1705265147.178115
1705265147.677964
1705265148.178022
1705265148.678234
1705265149.178036
1705265149.678118
1705265150.178097
1705265150.677956
1705265151.178050
1705265151.678202
1705265152.178142
1705265152.678202
1705265153.178226
1705265153.677980
1705265154.178167
1705265154.678202
1705265155.178316
1705265155.678177
1705265156.178194
1705265156.678117
1705265157.178308
1705265157.678237
1705265158.178160
1705265158.678064
1705265159.178138
1705265159.678172
1705265160.178120
1705265160.678098
1705265161.178115
1705265161.678230
1705265162.178213
1705265162.678221
1705265163.178029
1705265163.678240
1705265164.178341
1705265164.678234
1705265165.178176
1705265165.678016
1705265166.178420
1705265166.678303
1705265167.178222
1705265167.678132
1705265168.178094
1705265168.678098
1705265169.178309
1705265169.678001
1705265170.178274
1705265170.678221
1705265171.178402
1705265171.678209
1705265172.178130
1705265172.678278
1705265173.178163
1705265173.678126
1705265174.178073
1705265174.678025
1705265175.178254
1705265175.677979
1705265176.178031
1705265176.678175
1705265177.177945
1705265177.678067
1705265178.178165
1705265178.678239
1705265179.178193
1705265179.678905
1705265180.178397
1705265180.678089
1705265181.178273
1705265181.678209
1705265182.178196
1705265182.678110
1705265183.178039
1705265183.678031
1705265184.178193
1705265184.678225
1705265185.178319
1705265185.678177
1705265186.178215
1705265186.678045
1705265187.178176
1705265187.677985
1705265188.178342
1705265188.678125
1705265189.178115
1705265189.678273
1705265190.178288
1705265190.678291
1705265191.178059
1705265191.678327
1705265192.178019
1705265192.678351
1705265193.178083
1705265193.677822
1705265194.178098
1705265194.678180
1705265195.178101
1705265195.678096
1705265196.178207
1705265196.678256
1705265197.177994
1705265197.678202
1705265198.178158
1705265198.677954
1705265199.178068
1705265199.678080
1705265200.178215
1705265200.678403
1705265201.178134
1705265201.677953
1705265202.178501
1705265202.678098
1705265203.178044
1705265203.678012
1705265204.178099
1705265204.678417
1705265205.177946
1705265205.678095
1705265206.178189
1705265206.677996
1705265207.177997
1705265207.678126
1705265208.178192
1705265208.678076
1705265209.177996
1705265209.678087
1705265210.178133
1705265210.678028
1705265211.178350
1705265211.678066
1705265212.178131
1705265212.678355
1705265213.178077
1705265213.677981
1705265214.178178
1705265214.678123
1705265215.178077
1705265215.678174
1705265216.178242
1705265216.678255
1705265217.178185
1705265217.678041
1705265218.178245
1705265218.678073
1705265219.178303
1705265219.677953
1705265220.178147
1705265220.678276
1705265221.178002
1705265221.678226
1705265222.178048
1705265222.678003
1705265223.178229
1705265223.678124
1705265224.178063
1705265224.678255
1705265225.178034
1705265225.678190
1705265226.178444
1705265226.678030
1705265227.178368
1705265227.678100
1705265228.178149
1705265228.678469
1705265229.178042
1705265229.678194
1705265230.178313
1705265230.678007
1705265231.178269
1705265231.678067
1705265232.178082
1705265232.678135
1705265233.178280
1705265233.678010
1705265234.178126
1705265234.678035
1705265235.178076
1705265235.677995
1705265236.178001
1705265236.678214
1705265237.178300
1705265237.678006
1705265238.178264
1705265238.678179
1705265239.178123
1705265239.678247
1705265240.177946
1705265240.678384
1705265241.178023
1705265241.677959
1705265242.178072
1705265242.678086
1705265243.177980
1705265243.678394
1705265244.178210
1705265244.678106
1705265245.177976
1705265245.677927
1705265246.178008
1705265246.678194
1705265247.178116
1705265247.678031
1705265248.178256
1705265248.678083
1705265249.178158
1705265249.678165
1705265250.178153
1705265250.678179
1705265251.178023
1705265251.678053
1705265252.177968
1705265252.678314
1705265253.178225
1705265253.678185
1705265254.178016
1705265254.678021
1705265255.178267
1705265255.678289
1705265256.178021
1705265256.678059
1705265257.178130
1705265257.678040
1705265258.177986
1705265258.678194
1705265259.178008
1705265259.678053
1705265260.178214
1705265260.678055
1705265261.178199
1705265261.678040
1705265262.178202
1705265262.678102
1705265263.177996
1705265263.677948
1705265264.178000
1705265264.677934
1705265265.177955
1705265265.677965
1705265266.178122
1705265266.678018
1705265267.178105
1705265267.678009
1705265268.178034
1705265268.677929
1705265269.178127
1705265269.678108
1705265270.177943
1705265270.677950
1705265271.177957
1705265271.678037
1705265272.178041
1705265272.678090
1705265273.178171
1705265273.678245
1705265274.177985
1705265274.678159
1705265275.178289
1705265275.678072
1705265276.178111
1705265276.678209
1705265277.178213
1705265277.678137
1705265278.178218
1705265278.678401
1705265279.178016
1705265279.678212
1705265280.178094
1705265280.677959
1705265281.178247
1705265281.678008
1705265282.177978
1705265282.677855
1705265283.177971
1705265283.677971
1705265284.177963
1705265284.677861
1705265285.177929
1705265285.677970
1705265286.177970
1705265286.678169
1705265287.177962
1705265287.677918
1705265288.177967
1705265288.677976
1705265289.177967
1705265289.678216
1705265290.178188
1705265290.678186
1705265291.177935
1705265291.677988
1705265292.178061
1705265292.677991
1705265293.178345
1705265293.677957
1705265294.178047
1705265294.677991
1705265295.177974
1705265295.677957
1705265296.177988
1705265296.677900
1705265297.177952
1705265297.677983
1705265298.177932
1705265298.678000
1705265299.178071
1705265299.677994
1705265300.178011
1705265300.677975
1705265301.178178
1705265301.677952
1705265302.178004
1705265302.677968
1705265303.178104
1705265303.678175
1705265304.178261
1705265304.678142
1705265305.178211
1705265305.678189
1705265306.178051
1705265306.678204
1705265307.177976
1705265307.678020
1705265308.177945
1705265308.678033
1705265309.177982
1705265309.678020
1705265310.177918
1705265310.677916
1705265311.178198
1705265311.678180
1705265312.177966
1705265312.677990
1705265313.178052
1705265313.678009
1705265314.178225
1705265314.678276
1705265315.177987
1705265315.677965
1705265316.178012
1705265316.677985
1705265317.178070
1705265317.678173
1705265318.178322
1705265318.678014
1705265319.177942
1705265319.677974
1705265320.178020
1705265320.678029
1705265321.178042
1705265321.678069
1705265322.177976
1705265322.677995
1705265323.178146
1705265323.678033
1705265324.178100
1705265324.678136
1705265325.178060
1705265325.678284
1705265326.178189
1705265326.678232
1705265327.178076
1705265327.677971
1705265328.178150
1705265328.678287
1705265329.178203
1705265329.678186
1705265330.178371
1705265330.678423
1705265331.178148
1705265331.678027
1705265332.178134
1705265332.678077
1705265333.178173
1705265333.678304
1705265334.178020
1705265334.678225
1705265335.178146
1705265335.678220
1705265336.178055
1705265336.678302
1705265337.178118
1705265337.678187
1705265338.178007
1705265338.678190
1705265339.178074
1705265339.678406
1705265340.178090
1705265340.677941
1705265341.177989
1705265341.677952
1705265342.178439
1705265342.677952
1705265343.178031
1705265343.678002
1705265344.177975
1705265344.678067
1705265345.178119
1705265345.678237
1705265346.178020
1705265346.678036
1705265347.178188
1705265347.678296
1705265348.177963
1705265348.678041
1705265349.178138
1705265349.678060
1705265350.178001
1705265350.678395
1705265351.178126
1705265351.678238
1705265352.178137
1705265352.677971
1705265353.178191
1705265353.678086
1705265354.178206
1705265354.677970
1705265355.177976
1705265355.677964
1705265356.177980
1705265356.678230
1705265357.178192
1705265357.678085
1705265358.177941
1705265358.678044
1705265359.178241
1705265359.678020
1705265360.178038
1705265360.678020
1705265361.178190
1705265361.677930
1705265362.177984
1705265362.678280
1705265363.178044
1705265363.678146
1705265364.178175
1705265364.678039
1705265365.178049
1705265365.678088
1705265366.178011
1705265366.678027
1705265367.178032
1705265367.678092
1705265368.177956
1705265368.677941
1705265369.177992
1705265369.678210
1705265370.178088
1705265370.677940
1705265371.178021
1705265371.678066
1705265372.178166
1705265372.678003
1705265373.178176
1705265373.678019
1705265374.178025
1705265374.678040
1705265375.178105
1705265375.678106
1705265376.178049
1705265376.677961
1705265377.178259
1705265377.677954
1705265378.178025
1705265378.678135
1705265379.178170
1705265379.678122
1705265380.178189
1705265380.677975
1705265381.177927
1705265381.678033
1705265382.178121
1705265382.678108
1705265383.178038
1705265383.678191
1705265384.177984
1705265384.677969
1705265385.178085
1705265385.678030
1705265386.177959
1705265386.677978
1705265387.178195
1705265387.678179
1705265388.178288
1705265388.678231
1705265389.177951
1705265389.677982
1705265390.177971
1705265390.677938
1705265391.177996
1705265391.677990
1705265392.178179
1705265392.678033
1705265393.178217
1705265393.678121
1705265394.178338
1705265394.678312
1705265395.178039
1705265395.678033
1705265396.178217
1705265396.678041
1705265397.178195
1705265397.678012
1705265398.178142
1705265398.678052
1705265399.178142
1705265399.678187
1705265400.178158
1705265400.678141
1705265401.178116
1705265401.678175
1705265402.178123
1705265402.678315
1705265403.177950
1705265403.678182
1705265404.178027
1705265404.678080
1705265405.178009
1705265405.678146
1705265406.178238
1705265406.678205
1705265407.178273
1705265407.678359
1705265408.178093
1705265408.678162
1705265409.178052
1705265409.678017
1705265410.178250
1705265410.678207
1705265411.178207
1705265411.678436
1705265412.178090
1705265412.678069
1705265413.177997
1705265413.678159
1705265414.178035
1705265414.678026
1705265415.178174
1705265415.677951
1705265416.177941
1705265416.677966
1705265417.178099
1705265417.678367
1705265418.178003
1705265418.678091
1705265419.178103
1705265419.677968
1705265420.178123
1705265420.678000
1705265421.178350
1705265421.677982
1705265422.178039
1705265422.678247
1705265423.177998
1705265423.678108
1705265424.178269
1705265424.678033
1705265425.178180
1705265425.678026
1705265426.178185
1705265426.677953
1705265427.178227
1705265427.678533
1705265428.178193
1705265428.678027
1705265429.178104
1705265429.678101
1705265430.178249
1705265430.678100
1705265431.178055
1705265431.678109
1705265432.178159
1705265432.678278
1705265433.178025
1705265433.678193
1705265434.178051
1705265434.678362
1705265435.178222
1705265435.678205
1705265436.177992
1705265436.678183
1705265437.178027
1705265437.677989
1705265438.178017
1705265438.678014
1705265439.178193
1705265439.678259
1705265440.178208
1705265440.677985
1705265441.177926
1705265441.677941
1705265442.177963
1705265442.678193
1705265443.178108
1705265443.678047
1705265444.178170
1705265444.678174
1705265445.178136
1705265445.677955
1705265446.178102
1705265446.678266
1705265447.178036
1705265447.678338
1705265448.178003
1705265448.678196
1705265449.178127
1705265449.678213
1705265450.178113
1705265450.678106
1705265451.178030
1705265451.678064
1705265452.177962
1705265452.677981
1705265453.177950
1705265453.677969
1705265454.177939
1705265454.678022
1705265455.178036
1705265455.678175
1705265456.178025
1705265456.678169
1705265457.178168
1705265457.678160
1705265458.178178
1705265458.678189
1705265459.178197
1705265459.678194
1705265460.178010
1705265460.678201
1705265461.177970
1705265461.677982
1705265462.177960
1705265462.678184
1705265463.177998
1705265463.678239
1705265464.178007
1705265464.678164
1705265465.177948
1705265465.677938
1705265466.178085
1705265466.678334
1705265467.177964
1705266203.780898
1705266204.280905
1705266204.780900
1705266205.281145
1705266205.780850
1705266206.280907
1705266206.780866
1705266207.280824
1705266207.781163
1705266208.281217
1705266208.780880
1705266209.280951
1705266209.780916
1705266210.280998
1705266210.781270
1705266211.280907
1705266211.780889
1705266212.281213
1705266212.780885
1705266213.280919
1705266213.780852
1705266214.281138
1705266214.781289
1705266215.280845
1705266215.780946
1705266216.280842
1705266216.780932
1705266217.281152
1705266217.780948
1705266218.281132
1705266218.780899
1705266219.280922
1705266219.781090
1705266220.280923
1705266220.780862
1705266221.280900
1705266221.781015
1705266222.280950
1705266222.781150
1705266223.280932
1705266223.781078
1705266224.281055
1705266224.781111
1705266225.281002
1705266225.781058
1705266226.281063
1705266226.781021
1705266227.281141
1705266227.780977
1705266228.281192
1705266228.780830
1705266229.281020
1705266229.781013
1705266230.281172
1705266230.781135
1705266231.280986
1705266231.780971
1705266232.280885
1705266232.780833
1705266233.280976
1705266233.780868
1705266234.280933
1705266234.781022
1705266235.281064
1705266235.781079
1705266236.281034
1705266236.780875
1705266237.281029
1705266237.781186
1705266238.281148
1705266238.781028
1705266239.281145
1705266239.781009
1705266240.281011
1705266240.780848
1705266241.280957
1705266241.781099
1705266242.280994
1705266242.781091
1705266243.280983
1705266243.781044
1705266244.280951
1705266244.780933
1705266245.281060
1705266245.781026
1705266246.281118
1705266246.780850
1705266247.280931
1705266247.781049
1705266248.281015
1705266248.780931
1705266249.280886
1705266249.781327
1705266250.281273
1705266250.781013
1705266251.280955
1705266251.781021
1705266252.280884
1705266252.780941
1705266253.281110
1705266253.781062
1705266254.281063
1705266254.781020
1705266255.281292
1705266255.781067
1705266256.281181
1705266256.781185
1705266257.281177
1705266257.781235
1705266258.281099
1705266258.781032
1705266259.280945
1705266259.780988
1705266260.280994
1705266260.781084
1705266261.281294
1705266261.781093
1705266262.280934
1705266262.780922
1705266263.280993
1705266263.781078
1705266264.280942
1705266264.780890
1705266265.281322
1705266265.781099
1705266266.280859
1705266266.780964
1705266267.281104
1705266267.780921
1705266268.280994
1705266268.780938
1705266269.281061
1705266269.781146
1705266270.281034
1705266270.780859
1705266271.281064
1705266271.780971
1705266272.280949
1705266272.780853
1705266273.280831
1705266382.995427
1705266383.495368
1705266383.995518
1705266384.495774
1705266384.995356
1705266385.495641
1705266385.995398
1705266386.495885
1705266386.995593
1705266387.495442
1705266387.995725
1705266388.495612
1705266388.995335
1705266389.495564
1705266389.995412
1705266390.495562
1705266390.995719
1705266391.495647
1705266391.995363
1705266392.495731
1705266392.995396
1705266393.495411
1705266393.995627
1705266394.495502
1705266394.995544
1705266395.495454
1705266395.996410
1705266396.495447
1705266396.995685
1705266397.495814
1705266397.995694
1705266398.495350
1705266398.995737
1705266399.495640
1705266399.995367
1705266400.495621
1705266400.995459
1705266401.495337
1705266401.995563
1705266402.495439
1705266402.995686
1705266403.495384
1705266403.996327
1705266404.495554
1705266404.995417
1705266405.495548
1705266405.995403
1705266406.496374
1705266406.995619
1705266407.495543
1705266407.995557
1705266408.495420
1705266408.995518
1705266409.495345
1705266409.996602
1705266410.495630
1705266410.995522
1705266411.495456
1705266411.995314
1705266412.495336
1705266412.995531
1705266413.495409
1705266413.995506
1705266414.495376
1705266414.995583
1705266415.495388
1705266415.995544
1705266416.495630
1705266416.995458
1705266417.495462
1705266417.995491
1705266418.495488
1705266418.996754
1705266419.495714
1705266419.995389
1705266420.495591
1705266420.995806
1705266421.495668
1705266421.995372
1705266422.495518
1705266422.995695
1705266423.495610
1705266423.995557
1705266424.495526
1705266424.995533
1705266425.495672
1705266425.995942
1705266426.495424
1705266426.995899
1705266427.495848
1705266427.995457
1705266428.495662
1705266428.995529
1705266429.495576
1705266429.995674
1705266430.495628
1705266430.995428
1705266431.496676
1705266431.995473
1705266432.495410
1705266432.995611
1705266433.496757
1705266433.996313
1705266434.495868
1705266434.995822
1705266435.495754
1705266435.995439
1705266436.495701
1705266436.995662
1705266437.495797
1705266437.995826
1705266438.495396
1705266438.995595
1705266439.495824
1705266439.995987
1705266440.495656
1705266440.995468
1705266441.495522
1705266441.995517
1705266442.495493
1705266442.995738
1705266443.495570
1705266443.995817
1705266444.495601
1705266444.995514
1705266445.495823
1705266445.995636
1705266446.495575
1705266446.995604
1705266447.496079
1705266447.996067
1705266448.495671
1705266448.995714
1705266449.495516
1705266449.995435
1705266450.495636
1705266450.995686
1705266451.495403
1705266451.995630
1705266452.495649
1705266452.995421
1705266453.495840
1705266453.995896
1705266454.495698
1705266454.995468
1705266455.495583
1705266455.995937
1705266456.495824
1705266456.995556
1705266457.495653
1705266457.995388
1705266458.495461
1705266458.995677
1705266459.495670
1705266459.995927
1705266460.495614
1705266460.995589
1705266461.495613
1705266461.995492
1705266462.495653
1705266462.995641
1705266463.495583
1705266463.995932
1705266464.495417
1705266464.995636
1705266465.495688
1705266465.995697
1705266466.495453
1705266466.995670
1705266467.495648
1705266467.995876
1705266468.495524
1705266468.995468
1705266469.495583
1705266469.995505
1705266470.495935
1705266470.995428
1705266471.496698
1705266471.995785
1705266472.495373
1705266472.995426
1705266473.495461
1705266473.995529
1705266474.497718
1705266474.995576
1705266475.495560
1705266475.995520
1705266476.496190
1705266476.995490
1705266477.495504
1705266477.995468
1705266478.495328
1705266478.995387
1705266479.495408
1705266479.995748
1705266480.495534
1705266480.995560
1705266481.495657
1705266481.995782
1705266482.495485
1705266482.995494
1705266483.495600
1705266483.995515
1705266484.495333
1705266484.995682
1705266485.495611
1705266485.995574
1705266486.495445
1705266486.995463
1705266487.495544
1705266487.995563
1705266488.495805
1705266488.995539
1705266489.495720
1705266489.996416
1705266490.495900
1705266490.995459
1705266491.495564
1705266491.995508
1705266492.495642
1705266492.995443
1705266493.495550
1705266493.995417
1705266494.495339
1705266494.995630
1705266495.495581
1705266495.995557
1705266496.495476
1705266496.995652
1705266497.495547
1705266497.995545
1705266498.495410
1705266498.995533
1705266499.495464
1705266499.995614
1705266500.495398
1705266500.995788
1705266501.495400
1705266501.995653
1705266502.495614
1705266502.995717
1705266503.495551
1705266503.995643
1705266504.495400
1705266504.995345
1705266505.495630
1705266505.995433
1705266506.496487
1705266506.995640
1705266507.495594
1705266507.995631
1705266508.495694
1705266508.995614
1705266509.495536
1705266509.996432
1705266510.495451
1705266510.995466
1705266511.495490
1705266511.995907
1705266512.495622
1705266512.995440
1705266513.495570
1705266513.995422
1705266514.495951
1705266514.995528
1705266515.495482
1705266515.995403
1705266516.495519
1705266516.995503
1705266517.495587
1705266517.995564
1705266518.495642
1705266518.995385
1705266519.495408
1705266519.995554
1705266520.496595
1705266520.995639
1705266521.495444
1705266521.995443
1705266522.496367
1705266522.995426
1705266523.495460
1705266523.995483
1705266524.495599
1705266524.995403
1705266525.495563
1705266525.995739
1705266526.495717
1705266526.995652
1705266527.495501
1705266527.995638
1705266528.495765
1705266528.995483
1705266529.495497
1705266529.995906
1705266530.495917
1705266530.995526
1705266531.495684
1705266531.995654
1705266532.495818
1705266532.995461
1705266533.495728
1705266533.995851
1705266534.495401
1705266534.995387
1705266535.495671
1705266535.995803
1705266536.495805
1705266536.995537
1705266537.495596
1705266537.995418
1705266538.495559
1705266538.995557
1705266539.495502
1705266539.995530
1705266540.495673
1705266540.995443
1705266541.495821
1705266541.995349
1705266542.495875
1705266542.995677
1705266543.495729
1705266543.995647
1705266544.495739
1705266544.995551
1705266545.495547
1705266545.995540
1705266546.495679
1705266546.995855
1705266547.495496
1705266547.995738
1705266548.495599
1705266548.995504
1705266549.495790
1705266549.995524
1705266550.495804
1705266550.996110
1705266551.495539
1705266551.995549
1705266552.495610
1705266552.995543
1705266553.495571
1705266553.995646
1705266554.495740
1705266554.995696
1705266555.495439
1705266555.995632
1705266556.495672
1705266556.995538
1705266557.495466
1705266557.995710
1705266558.495702
1705266558.995545
1705266559.495516
1705266559.995465
1705266560.495475
1705266560.995462
1705266561.495623
1705266561.995644
1705266562.495708
1705266562.996637
1705266563.495667
1705266563.995411
1705266564.495572
1705266564.995371
1705266565.495421
1705266565.995565
1705266566.495482
1705266566.995477
1705266567.495499
1705266567.995427
1705266568.495447
1705266568.995670
1705266569.495475
1705266569.995536
1705266570.495386
1705266570.996249
1705266571.495850
1705266571.995586
1705266572.495423
1705266572.996794
1705266573.495482
1705266573.995563
1705266574.495585
1705266574.995633
1705266575.495433
1705266575.995674
1705266576.496231
1705266576.995682
1705266577.495669
1705266577.995671
1705266578.496281
1705266578.995461
1705266579.495466
1705266579.995575
1705266580.495551
1705266580.995673
1705266581.496038
1705266581.995521
1705266582.495555
1705266582.995669
1705266777.725721
1705266778.225942
1705266778.725726
1705266779.225782
1705266779.725775
1705266780.225957
1705266780.726054
1705266781.225980
1705266781.725853
1705266782.225744
1705266782.725702
1705266783.225853
1705266783.725957
1705266784.226001
1705266784.726037
1705266785.225986
1705266785.726108
1705266786.225782
1705266786.725963
1705266787.225997
1705266787.725740
1705266788.226062
1705266788.725830
1705266789.225839
1705266789.725988
1705266790.225778
1705266790.725850
1705266791.225886
1705266791.725880
1705266792.226006
1705266792.726000
1705266793.226097
1705266793.725891
1705266794.226055
1705266794.725935
1705266795.226022
1705266795.726010
1705266796.226069
1705266796.725843
1705266797.225884
1705266797.725791
1705266798.225738
1705266798.725851
1705266799.226023
1705266799.725999
1705266800.225743
1705266800.725956
1705266801.226000
1705266801.725723
1705266802.226036
1705266802.725861
1705266803.225819
1705266803.725897
1705266804.225888
1705266804.725783
1705266805.225892
1705266805.726023
1705266806.226111
1705266806.725983
1705266807.226099
1705266807.726001
1705266808.225954
1705266808.725981
1705266809.226006
1705266809.725905
1705266810.225965
1705266810.725989
1705266811.225968
1705266811.725767
1705266812.225776
1705266812.726031
1705266813.226032
1705266813.725885
1705266814.225758
1705266814.725881
1705266815.225724
1705266815.726029
1705266816.225742
1705266816.725796
1705266817.225746
1705266817.725818
1705266818.225909
1705266818.725955
1705266819.225829
1705266819.725958
1705266820.225964
1705266820.725960
1705266821.225982
1705266821.725980
1705266822.225930
1705266822.725820
1705266823.226017
1705266823.725925
1705266824.225805
1705266824.726022
1705266825.225757
1705266825.725788
1705266826.225856
1705266826.725991
1705266827.225867
1705266827.725966
1705266828.225748
1705266828.725891
1705266829.225989
1705266829.725951
1705266830.225970
1705266830.725729
1705266831.226011
1705266831.725906
1705266832.225939
1705266832.725762
1705266833.225794
1705266833.725872
1705266834.225965
1705266834.726001
1705266835.225869
1705266835.726143
1705266836.225902
1705266836.725732
1705266837.225843
1705266837.725913
1705266838.225819
1705266838.725808
1705266839.225925
1705266839.725927
1705266840.225817
1705266840.725851
1705266841.225826
1705266841.726000
1705266842.225754
1705266842.726105
1705266843.225972
1705266843.725768
1705266844.225718
1705266844.725877
1705266845.225973
1705266845.725834
1705266846.225978
1705266846.725804
1705266847.225765
1705266847.725911
1705266848.225918
1705266848.725969
1705266849.225957
1705266849.726000
1705266850.225959
1705266850.726059
1705266851.225880
1705266851.725879
1705266852.225822
1705266852.725867
1705266853.225846
1705266853.725801
1705266854.225993
1705266854.725865
1705266855.225822
1705266855.726043
1705266856.225877
1705266856.725758
1705266857.225981
1705266857.725945
1705266858.225845
1705266858.725793
1705266859.225824
1705266859.725939
1705266860.225913
1705266860.725830
1705266861.225865
1705266861.725859
1705266862.225998
1705266862.725975
1705266863.226011
1705266863.725976
1705266864.225795
1705266864.726180
1705266865.225780
1705266865.725818
1705266866.225988
1705266866.725723
1705266867.225883
1705266867.725829
1705266868.225920
1705266868.725782
1705266869.226127
1705266869.725996
1705266870.225988
1705266870.726019
1705266871.225902
1705266871.725954
1705266872.225895
1705266872.725895
1705266873.225979
1705266873.725766
1705266874.225856
1705266874.725780
1705266875.226018
1705266875.725742
1705266876.225913
1705266876.725978
1705266877.225826
1705266877.725768
1705266878.225735
1705266878.725731
1705266879.226003
1705266879.725977
1705266880.225761
1705266880.725816
1705266881.225995
1705266881.725991
1705266882.225888
1705266882.726147
1705266883.226088
1705266883.726012
1705266884.225922
1705266884.725815
1705266885.225916
1705266885.726005
1705266886.225944
1705266886.725787
1705266887.225725
1705266887.725849
1705266888.226018
1705266888.725849
1705266889.225969
1705266889.725885
1705266890.226017
1705266890.725800
1705266891.226012
1705266891.726014
1705266892.225721
1705266892.725994
1705266893.225909
1705266893.726120
1705266894.225905
1705266894.725784
1705266895.225998
1705266895.725928
1705266896.225852
1705266896.725882
1705266897.225998
1705266897.725915
1705266898.225838
1705266898.725871
1705266899.226050
1705266899.725764
1705266900.225720
1705266900.725833
1705266901.225923
1705266901.725895
1705266902.226005
1705266902.725968
1705266903.225919
1705266903.725974
1705266904.225811
1705266904.725864
1705266905.226008
1705266905.726016
1705266906.226029
1705266906.726057
1705266907.225973
1705266907.725925
1705266908.225744
1705266908.725972
1705266909.225973
1705266909.725785
1705266910.225760
1705266910.725782
1705266911.226004
1705266911.726150
1705266912.225863
1705266912.725796
1705266913.225979
1705266913.726059
1705266914.225964
1705266914.725726
1705266915.226022
1705266915.726005
1705266916.225792
1705266916.725894
1705266917.225757
1705266917.725801
1705266918.225882
1705266918.725999
1705266919.226008
1705266919.725650
1705266920.225936
1705266920.725972
1705266921.225739
1705266921.725790
1705266922.225949
1705266922.725892
1705266923.225824
1705266923.726017
1705266924.225867
1705266924.725886
1705266925.226007
1705266925.726107
1705266926.225806
1705266926.726007
1705266927.225980
1705266927.725983
1705266928.225812
1705266928.725724
1705266929.225720
1705266929.725913
1705266930.226016
1705266930.725981
1705266931.225815
1705266931.725968
1705266932.225880
1705266940.694061
1705266941.194084
1705266941.694039
1705266942.193809
1705266942.694042
1705266943.193995
1705266943.693861
1705266944.193873
1705266944.693795
1705266945.193757
1705266945.693932
1705266946.193836
1705266946.693884
1705266947.194065
1705266947.693819
1705266948.194191
1705266948.694089
1705266949.193913
1705266949.694069
1705266950.194001
1705266950.694188
1705266951.194123
1705266951.694059
1705266952.194109
1705266952.694244
1705266953.194275
1705266953.694042
1705266954.193890
1705266954.694083
1705266955.194126
1705266955.694211
1705266956.194154
1705266956.693887
1705266957.193811
1705266957.693917
1705266958.194101
1705266958.694244
1705266959.193995
1705266959.693958
1705266960.194208
1705266960.694087
1705266961.193861
1705266961.693835
1705266962.194096
1705266962.694097
1705266963.193980
1705266963.693955
1705266964.193796
1705266964.694038
1705266965.193900
1705266965.694074
1705266966.193901
1705266966.693963
1705266967.194150
1705266967.694047
1705266968.193898
1705266968.694169
1705266969.193858
1705266969.694147
1705266970.193897
1705266970.694098
1705266971.193957
1705266971.693906
1705266972.193898
1705266972.693975
1705266973.194140
1705266973.693893
1705266974.194093
1705266974.693843
1705266975.194195
1705266975.694193
1705266976.193845
1705266976.694023
1705266977.194109
1705266977.694118
1705266978.194132
1705266978.694031
1705266979.193808
1705266979.693847
1705266980.194109
1705266980.693950
1705266981.193922
1705266981.693850
1705266982.194295
1705266982.693809
1705266983.193874
1705266983.694160
1705266984.193863
1705266984.693894
1705266985.194128
1705266985.693898
1705266986.194190
1705266986.693846
1705266987.194151
1705266987.694166
1705266988.194153
1705266988.694054
1705266989.194106
1705266989.694001
1705266990.194051
1705266990.693972
1705266991.194109
1705266991.693966
1705266992.193864
1705266992.693938
1705266993.194100
1705266993.694127
1705266994.194129
1705266994.693945
1705266995.193964
1705266995.694113
1705266996.194155
1705266996.694143
1705266997.193998
1705266997.693881
1705266998.194156
1705266998.693956
1705266999.194162
1705266999.694182
1705267000.193858
1705267000.694011
1705267001.194040
1705267001.694198
1705267002.193965
1705267002.694036
1705267003.194150
1705267003.693866
1705267004.194059
1705267004.693831
1705267005.194193
1705267005.694074
1705267006.193975
1705267006.693900
1705267007.193976
1705267007.694053
1705267008.194105
1705267008.694220
1705267009.194201
1705267009.694137
1705267010.194222
1705267010.694035
1705267011.194133
1705267011.693888
1705267012.194069
1705267012.693839
1705267013.193856
1705267013.693872
1705267014.193863
1705267014.693799
1705267015.194033
1705267015.693808
1705267016.193856
1705267016.693894
1705267017.193899
1705267017.693888
1705267018.194173
1705267018.694100
1705267019.193858
1705267019.693812
1705267020.193805
1705267020.693920
1705267021.194170
1705267021.693813
1705267022.194038
1705267022.694173
1705267023.194264
1705267023.694173
1705267024.193884
1705267024.694137
1705267025.193885
1705267025.693984
1705267026.193875
1705267026.693824
1705267027.194249
1705267027.693883
1705267028.193819
1705267028.694105
1705267029.194173
1705267029.694113
1705267030.194185
1705267030.693972
1705267031.193911
1705267031.694066
1705267032.194169
1705267032.693878
1705267033.194085
1705267033.693904
1705267034.193930
1705267034.693879
1705267035.193850
1705267035.694008
1705267036.194159
1705267036.693899
1705267037.194143
1705267037.694163
1705267038.194175
1705267038.693864
1705267039.193839
1705267039.694176
1705267040.193832
1705267040.694218
1705267041.193965
1705267041.694137
1705267042.193899
1705267042.693858
1705267043.193851
1705267043.694009
1705267044.193853
1705267044.693860
1705267045.194291
1705267045.693926
1705267046.194060
1705267046.694102
1705267047.194111
1705267047.693923
1705267048.194077
1705267048.693943
1705267049.193864
1705267049.693849
1705267050.194121
1705267050.693879
1705267051.193869
1705267051.694114
1705267052.193878
1705267052.693828
1705267053.193913
1705267053.693839
1705267054.194218
1705267054.693836
1705267055.194209
1705267055.694117
1705267056.193878
1705267056.693938
1705267057.194110
1705267057.694255
1705267058.194162
1705267058.693820
1705267059.194205
1705267059.693921
1705267060.193867
1705267060.693957
1705267061.193828
1705267061.693878
1705267062.194087
1705267062.693922
1705267063.194281
1705267063.694111
1705267064.194113
1705267064.694006
1705267065.194196
1705267065.694168
1705267066.194156
1705267066.693950
1705267067.194234
1705267067.694179
1705267068.194187
1705267068.693819
1705267069.194103
1705267069.694224
1705267070.193868
1705267070.694103
1705267071.194107
1705267071.693812
1705267072.194126
1705267072.694099
1705267073.194014
1705267073.694146
1705267074.194114
1705267074.693940
1705267075.193996
1705267075.693981
1705267076.193849
1705267076.693907
1705267077.193936
1705267077.694133
1705267078.193856
1705267078.693931
1705267079.194168
1705267079.694128
1705267080.194207
1705267080.693930
1705267081.193993
1705267081.694183
1705267082.193980
1705267082.693904
1705267083.193917
1705267083.693923
1705267084.194194
1705267084.693921
1705267085.193946
1705267085.693999
1705267086.194196
1705267086.694010
1705267087.193972
1705267087.694046
1705267088.194168
1705267088.693981
1705267089.194163
1705267089.694172
1705267090.193944
1705267090.693866
1705267091.193874
1705267091.694129
1705267092.193853
1705267092.693859
1705267093.194170
1705267093.694080
1705267094.194145
1705267094.694142
1705267095.193887
1705267095.694062
1705267096.194140
1705267096.693956
1705267097.194138
1705267097.694123
1705267098.194081
1705267098.694002
1705267099.194121
1705267099.694232
1705267100.193918
1705267100.694048
1705267101.194139
1705267101.693818
1705267102.194186
1705267102.694055
1705267103.194198
1705267103.694196
1705267104.193854
1705267104.694039
1705267105.193922
1705267105.694029
1705267106.193925
1705267106.694089
1705267107.194178
1705267107.693919
1705267108.194202
1705267108.694172
1705267109.194102
1705267109.693940
1705267110.194127
1705267110.693981
1705267111.194059
1705267111.693945
1705267112.193852
1705267112.693937
1705267113.194149
1705267113.694019
1705267114.194074
1705267114.694167
1705267115.194093
1705267115.694195
1705267116.193960
1705267116.694130
1705267117.193920
1705267117.693905
1705267118.193955
1705267118.693909
1705267119.194201
1705267119.693949
1705267120.194176
1705267120.693866
1705267121.193879
1705267121.694182
1705267122.194136
1705267122.693832
1705267123.193906
1705267123.693831
1705267124.193856
1705267124.693811
1705267125.194139
1705267125.693992
1705267126.194111
1705267126.694122
1705267127.194125
1705267127.693905
1705267128.193856
1705267128.694147
1705267129.194122
1705267129.693919
1705267130.193981
1705267130.693964
1705267131.194213
1705267131.693859
1705267132.194163
1705267132.694152
1705267133.193902
1705267133.694237
1705267134.194217
1705267134.694130
1705267135.194138
1705267135.694033
1705267136.194154
1705267136.693811
1705267137.194197
1705267137.694016
1705267138.193954
1705267138.694144
1705267139.194185
1705267139.693954
1705267140.194201
1705267140.694099
1705267141.193987
1705267141.693863
1705267142.194198
1705267142.694154
1705267143.194190
1705267143.694098
1705267144.194252
1705267144.694016
1705267145.194170
1705267145.694042
1705267146.193995
1705267146.694103
1705267147.194098
1705267147.693960
1705267148.194189
1705267148.694192
1705267149.194154
1705267149.694190
1705267150.193915
1705267150.694072
1705267151.194210
1705267151.693940
1705267152.193838
1705267152.693826
1705267153.193915
1705267153.694217
1705267154.194149
1705267154.694028
1705267155.194192
1705267155.694161
1705267156.194104
1705267156.694103
1705267157.194215
1705267157.694216
1705267158.194156
1705267158.694182
1705267159.194230
1705267159.694086
1705267160.193897
1705267160.693903
1705267161.193866
1705267161.693844
1705267162.193870
1705267162.694131
1705267163.194196
1705267163.694147
1705267164.194005
1705267164.693949
1705267165.194021
1705267165.693953
1705267166.193870
1705267166.694718
1705267167.194078
1705267167.693923
1705267168.194141
1705267168.693987
1705267169.194162
1705267169.694190
1705267170.194234
1705267170.694152
1705267171.194277
1705267171.694000
1705267172.194064
1705267172.694180
1705267173.194152
1705267173.693873
1705267174.193998
1705267174.693982
1705267175.194129
1705267175.694044
1705267176.193828
1705267176.693915
1705267177.194206
1705267177.693908
1705267178.193894
1705267178.693865
1705267179.194010
1705267179.694150
1705267180.194260
1705267180.694103
1705267181.193968
1705267181.693890
1705267182.193976
1705267182.694186
1705267183.194006
1705267183.694118
1705267184.193920
1705267184.694042
1705267185.194174
1705267185.693796
1705267186.193922
1705267186.693976
1705267187.193885
1705267187.693912
1705267188.193987
1705267188.693976
1705267189.193968
1705267189.694050
1705267190.194084
1705267190.694079
1705267191.193902
1705267191.694247
1705267192.194206
1705267192.694004
1705267193.193866
1705267193.694067
1705267194.194059
1705267194.693897
1705267195.194213
1705267195.694221
1705267196.193853
1705267196.693904
1705267197.194165
1705267197.694194
1705267198.194056
1705267198.694072
1705267199.194136
1705267199.694179
1705267200.193824
1705267200.693953
1705267201.193882
1705267201.694069
1705267202.193934
1705267202.693869
1705267203.193977
1705267203.693845
1705267204.193865
1705267204.693888
1705267205.193881
1705267205.693927
1705267206.193917
1705267206.693914
1705267207.194170
1705267207.693892
1705267208.194043
1705267208.693858
1705267209.194118
1705267209.694105
1705267210.193967
1705267210.693866
1705267211.194135
1705267211.694191
1705267212.193921
1705267212.694253
1705267213.194082
1705267213.694034
1705267214.194152
1705267214.693846
1705267215.194143
1705267215.694026
1705267216.194142
1705267216.694192
1705267217.194181
1705267217.694078
1705267218.193995
1705267218.694132
1705267219.194177
1705267219.693896
1705267220.194084
1705267220.693934
1705267221.194127
1705267221.693861
1705267222.193824
1705267222.693799
1705267223.194157
1705267223.694167
1705267224.194124
1705267224.693823
1705267225.194222
1705267225.693820
1705267226.194217
1705267226.694348
1705267227.194170
1705267227.693928
1705267228.193874
1705267228.694221
1705267229.193940
1705267229.693789
1705267230.194160
1705267230.693788
1705267231.194129
1705267231.693914
1705267232.193825
1705267232.694171
1705267233.195112
1705267233.693875
1705267234.194085
1705267234.694173
1705267235.194267
1705267235.694130
1705267236.193893
1705267236.693830
1705267237.194203
1705267237.694091
1705267238.193931
1705267238.693841
1705267239.193994
1705267239.694155
1705267240.193843
1705267240.693861
1705267241.194074
1705267241.693962
1705267242.194152
1705267242.694012
1705267243.194188
1705267243.693863
1705267244.193845
1705267244.693875
1705267245.193894
1705267245.694069
1705267246.193941
1705267246.693823
1705267247.194195
1705267247.694160
1705267248.193875
1705267248.693944
1705267249.194156
1705267249.694165
1705267250.194303
1705267250.694022
1705267251.194594
1705267251.693836
1705267252.194151
1705267252.693939
1705267253.194192
1705267253.693994
1705267254.194162
1705267254.694132
1705267255.194245
1705267255.693955
1705267256.193807
1705267256.693971
1705267257.194020
1705267257.694072
1705267258.193880
1705267258.694071
1705267259.194230
1705267259.694222
1705267260.194178
1705267260.693913
1705267261.194195
1705267261.694208
1705267262.194181
1705267262.694028
1705267263.194137
1705267263.694181
1705267264.194123
1705267264.693933
1705267265.194193
1705267265.693930
1705267266.194172
1705267266.694180
1705267267.193871
1705267267.694100
1705267268.194153
1705267268.694154
1705267269.194130
1705267269.693980
1705267270.194088
1705267270.694111
1705267271.194129
1705267271.693920
1705267272.194119
1705267272.694191
1705267273.194073
1705267273.694160
1705267274.194219
1705267274.693963
1705267275.193904
1705267275.693903
1705267276.194175
1705267276.694227
1705267277.194118
1705267277.693947
1705267278.194136
1705267278.693814
1705267279.194013
1705267279.693838
1705267280.193958
1705267280.694139
1705267281.193858
1705267281.693964
1705267282.193840
1705267282.694175
1705267283.194045
1705267283.693884
1705267284.193866
1705267284.693875
1705267285.194147
1705267285.694108
1705267286.193904
1705267286.694130
1705267287.193809
1705267287.693943
1705267288.193799
1705267288.694152
1705267289.194176
1705267289.694147
1705267290.194177
1705267290.694028
1705267291.194159
1705267291.694019
1705267292.194005
1705267292.694117
1705267293.193961
1705267293.694210
1705267294.193927
1705267294.694068
1705267295.194153
1705267295.694032
1705267296.194111
1705267296.693963
1705267297.194369
1705267297.694167
1705267298.194171
1705267298.693915
1705267299.193932
1705267299.693945
1705267300.194186
1705267300.693888
1705267301.193930
1705267301.694058
1705267302.194160
1705267302.694156
1705267303.193952
1705267303.694153
1705267304.194168
1705267304.694167
1705267305.193920
1705267305.693808
1705267306.193956
1705267306.693932
1705267307.194057
1705267307.694165
1705267308.193871
1705267308.693891
1705267309.194172
1705267309.693823
1705267310.194115
1705267310.694183
1705267311.193857
1705267311.693816
1705267312.194147
1705267312.694131
1705267313.194033
1705267313.694178
1705267314.193967
1705267314.694148
1705267315.194232
1705267315.694051
1705267316.193789
1705267316.693986
1705267317.193898
1705267317.693952
1705267318.193940
1705267318.693938
1705267319.194117
1705267319.694056
1705267320.194031
1705267320.693920
1705267321.193962
1705267321.694181
1705267322.194160
1705267322.693978
1705267323.194144
1705267323.694198
1705267324.194199
1705267324.694067
1705267325.193994
1705267325.693825
1705267326.194177
1705267326.693794
1705267327.193838
1705267327.693791
1705267328.193853
1705267328.694150
1705267329.194107
1705267329.694075
1705267330.194241
1705267330.694095
1705267331.194275
1705267331.694011
1705267332.193853
1705267332.694122
1705267333.193987
1705267333.693889
1705267334.193948
1705267334.694020
1705267335.194192
1705267335.694144
1705267336.194199
1705267336.694156
1705267337.194218
1705267337.693957
1705267338.194196
1705267338.694134
1705267339.193790
1705267339.694126
1705267340.193803
1705267340.694054
1705267341.193817
1705267341.694109
1705267342.194206
1705267342.694208
1705267343.193801
1705267343.694127
1705267344.194209
1705267344.694238
1705267345.194166
1705267345.694175
1705267346.194028
1705267346.694229
1705267347.194000
1705267347.693925
1705267348.193827
1705267348.694150
1705267349.194006
1705267349.694048
1705267350.194068
1705267350.694107
1705267351.194253
1705267351.694158
1705267352.193930
1705267352.694225
1705267353.193891
1705267353.694021
1705267354.193831
1705267354.694134
1705267355.194170
1705267355.694061
1705267356.193878
1705267356.693780
1705267357.193925
1705267357.694173
1705267358.194226
1705267358.694141
1705267359.193935
1705267359.694072
1705267360.194190
1705267360.694065
1705267361.193840
1705267361.693833
1705267362.193913
1705267362.694154
1705267363.194182
1705267363.694037
1705267364.194179
1705267364.694203
1705267365.194142
1705267365.693805
1705267366.193986
1705267366.693873
1705267367.194189
1705267367.694137
1705267368.193813
1705267368.693826
1705267369.194150
1705267369.693839
1705267370.193938
1705267370.694018
1705267371.194202
1705267371.694178
1705267372.193936
1705267372.693953
1705267373.194025
1705267373.693998
1705267374.193942
1705267374.693927
1705267375.194181
1705267375.694085
1705267376.193832
1705267376.694108
1705267377.194072
1705267377.694506
1705267378.194055
1705267378.693774
1705267379.193813
1705267379.694131
1705267380.194203
1705267380.694165
1705267381.194202
1705267381.693765
1705267382.194114
1705267382.694145
1705267383.193991
1705267383.694193
1705267384.194186
1705267384.694167
1705267385.193962
1705267385.694099
1705267386.194166
1705267386.694162
1705267387.194001
1705267387.693939
1705267388.194200
1705267388.694130
1705267389.193953
1705267389.694190
1705267390.193945
1705267390.693914
1705267391.194178
1705267391.693900
1705267392.193859
1705267392.694056
1705267393.194186
1705267393.694229
1705267394.194083
1705267394.694139
1705267395.194085
1705267395.693904
1705267396.194310
1705267396.693998
1705267397.193932
1705267397.694241
1705267398.194227
1705267398.693838
1705267399.194199
1705267399.694149
1705267400.194223
1705267400.693851
1705267401.193805
1705267401.694184
1705267402.194211
1705267402.694250
1705267403.194013
1705267403.693902
1705267404.194063
1705267404.694153
1705267405.193854
1705267405.694163
1705267406.193879
1705267406.693906
1705267407.194023
1705267407.694139
1705267408.193975
1705267408.694171
1705267409.194012
1705267409.694170
1705267410.194182
1705267410.694146
1705267411.193927
1705267411.693907
1705267412.194158
1705267412.694133
1705267413.193925
1705267413.694040
1705267414.193984
1705267414.694044
1705267415.194159
1705267415.694017
1705267416.193819
1705267416.694169
1705267417.193886
1705267417.694257
1705267418.194016
1705267418.693789
1705267419.194095
1705267419.694107
1705267420.193966
1705267420.694178
1705267421.194011
1705267421.693949
1705267422.194210
1705267422.693999
1705267423.194180
1705267423.694186
1705267424.193899
1705267424.694007
1705267425.194145
1705267425.693976
1705267426.193786
1705267426.694231
1705267427.193990
1705267427.694173
1705267428.194084
1705267428.693808
1705267429.194178
1705267429.693788
1705267430.193973
1705267430.693846
1705267431.194181
1705267431.693959
1705267432.194087
1705267432.694034
1705267433.194173
1705267433.694008
1705267434.193933
1705267434.694001
1705267435.194145
1705267435.694225
1705267436.194172
1705267436.694208
1705267437.194110
1705267437.694019
1705267438.193887
1705267438.693908
1705267439.194219
1705267439.693798
1705267440.193974
1705267440.694196
1705267441.194179
1705267441.693856
1705267442.193851
1705267442.694212
1705267443.194128
1705267443.694235
1705267444.193859
1705267444.693871
1705267445.193813
1705267445.694151
1705267446.193952
1705267446.694132
1705267447.194179
1705267447.694200
1705267448.193919
1705267448.693994
1705267449.194013
1705267449.694066
1705267450.194170
1705267450.693843
1705267451.193808
1705267451.693984
1705267452.193878
1705267452.693850
1705267453.194165
1705267453.694289
1705267454.194191
1705267454.694209
1705267455.194047
1705267455.693981
1705267456.194225
1705267456.694075
1705267457.193975
1705267457.694103
1705267458.193994
1705267458.694185
1705267459.194188
1705267459.694150
1705267460.194189
1705267460.693987
1705267461.194155
1705267461.693860
1705267462.194354
1705267462.694142
1705267463.194234
1705267463.694154
1705267464.194197
1705267464.694183
1705267465.194028
1705267465.694178
1705267466.194190
1705267466.693927
1705267467.194169
1705267467.693950
1705267468.194067
1705267468.694159
1705267469.193793
1705267469.694173
1705267470.194026
1705267470.694165
1705267471.194181
1705267471.694030
1705267472.194141
1705267472.694180
1705267473.194108
1705267473.693787
1705267474.194068
1705267474.694146
1705267475.194169
1705267475.693900
1705267476.194214
1705267476.694103
1705267477.193937
1705267477.693831
1705267478.193828
1705267478.694181
1705267479.193999
