0.238184 0.759695
0.227824 0.108819
0.231796 0.186063
0.172331 0.060417
0.137942 -0.031019
0.009833 -1.044058
0.007073 -0.971260
0.114120 -0.930878
0.188371 0.221629
0.126804 0.201108
0.006889 -1.052579
0.004145 -0.640176
0.166055 0.463152
0.051948 0.321059
0.005521 -0.706112
0.001110 -0.496696
0.014411 -0.514378
0.004131 -0.395237
0.210921 0.745999
0.148342 0.234009
0.009437 -0.843089
0.001860 -0.594997
0.002331 -0.474452
0.003324 -0.349974
0.001978 -0.261330
0.002413 -0.273528
0.000904 -0.252094
0.000000 0.000000
0.000285 0.002112
0.000036 -0.000376
0.000147 -0.001186
0.000039 -0.000265
0.000000 0.000000
0.000000 0.000010
0.000000 0.000000
0.000000 0.000000
0.000000 0.000000
0.000000 0.000000
0.000000 0.000000
0.000000 0.000000
0.000000 0.000000
0.000000 0.000000
0.000000 0.000000
0.000000 0.000000
0.000000 0.000005
0.000000 0.000000
0.000000 0.000000
0.000000 0.000000
0.000000 0.000000
0.000000 0.000000
0.000000 0.000000
0.000000 0.000000
0.000000 0.000000
0.000000 0.000000
0.000000 0.000000
0.000000 0.000000
0.000000 0.000000
0.000000 0.000000
0.000000 0.000000
0.000000 0.000000
0.000000 -0.000005
0.000000 0.000000
0.000000 0.000000
0.000000 0.000000
0.000000 0.000000
0.000000 0.000000
0.000000 0.000000
0.000000 0.000000
0.000000 -0.000002
0.000000 0.000000
0.000000 0.000000
0.000000 0.000000
0.000000 0.000002
0.000000 0.000004
0.000000 0.000000
0.000000 0.000000
0.000000 0.000000
0.000000 0.000000
0.000000 0.000000
0.000000 0.000000
0.000000 0.000000
0.000000 -0.000002
0.000000 0.000000
0.000000 0.000000
0.000000 0.000000
0.000000 0.000000
0.000000 0.000000
0.000000 0.000000
0.000000 0.000000
0.000000 0.000000
0.000000 0.000000
0.000000 0.000000
0.000000 0.000000
0.000000 0.000000
0.000000 0.000000
0.000000 0.000000
0.000000 -0.000001
0.000000 0.000000
0.000000 0.000000
0.000000 0.000000
0.000000 0.000000
0.000000 0.000000
0.000000 0.000000
0.000000 0.000000
0.000000 0.000000
0.000000 0.000000
0.000000 0.000000
0.000000 0.000000
0.000000 0.000000
0.000000 0.000000
0.000000 0.000000
0.000000 0.000000
0.000000 0.000000
0.000000 0.000000
0.000000 0.000000
0.000000 0.000000
0.000000 -0.000004
0.000000 0.000000
0.000000 0.000000
0.000000 0.000000
0.000000 0.000000
0.000000 0.000000
0.000000 0.000000
0.000000 0.000000
0.000000 -0.000005
0.000000 0.000000
0.000000 0.000000
0.000000 0.000000
0.000000 -0.000005
0.000000 0.000000
0.000000 0.000000
0.000000 0.000000
0.000000 0.000000
0.000000 0.000000
0.000000 0.000000
0.000000 0.000000
0.000000 0.000000
0.000000 -0.000001
0.000000 0.000001
0.000000 0.000000
0.218806 0.070669
0.179555 -0.002686
0.138939 0.079954
0.001550 -0.011595
0.000125 -0.000857
0.000021 0.000153
0.000185 0.001366
0.000048 -0.000378
0.000000 0.000000
0.000000 -0.000001
0.000000 0.000000
0.000000 0.000000
0.000000 -0.000001
0.000000 0.000000
0.000000 0.000000
0.000000 0.000000
0.000000 0.000000
0.000000 0.000000
0.000000 0.000000
0.000000 0.000000
0.000000 -0.000005
0.000000 0.000000
0.000000 0.000009
0.000000 0.000000
0.000000 0.000000
0.000000 0.000000
0.000000 0.000000
0.000000 0.000000
0.000000 0.000000
0.000000 0.000000
0.000000 0.000000
0.000000 0.000004
0.000000 -0.000001
0.000000 0.000000
0.000000 0.000000
0.000000 0.000000
0.000000 0.000001
0.000000 0.000000
0.000000 0.000000
0.000000 0.000000
0.000000 0.000000
0.000000 0.000000
0.000000 0.000000
0.000000 0.000000
0.000000 0.000000
0.000000 0.000000
0.000000 0.000000
0.000000 -0.000001
0.000000 0.000000
0.000000 -0.000004
0.000000 0.000001
0.000000 0.000000
0.000000 0.000000
0.000000 0.000000
0.000000 -0.000003
0.000000 -0.000005
0.000000 0.000000
0.000000 0.000000
0.000000 0.000006
0.000000 0.000000
0.000000 0.000000
0.000000 -0.000001
0.000000 0.000005
0.000000 0.000002
0.000000 0.000000
0.000000 0.000000
0.000000 0.000000
0.000000 0.000000
0.000000 0.000000
0.000000 0.000000
0.000000 0.000000
0.000000 0.000000
0.000000 0.000000
0.000000 0.000000
0.000000 0.000001
0.000000 0.000000
0.000000 0.000000
0.000000 0.000000
0.000000 0.000000
0.000000 0.000000
0.000000 0.000000
0.000000 0.000000
0.000000 0.000000
0.000000 0.000000
0.000000 0.000000
0.000000 0.000000
0.000000 -0.000005
0.000000 0.000000
0.000000 0.000000
0.000000 0.000000
0.000000 0.000000
0.000000 0.000000
0.000000 0.000000
0.000000 0.000000
0.000000 0.000000
0.000000 0.000000
0.000000 0.000000
0.000000 0.000000
0.000000 -0.000006
0.000000 0.000000
0.000000 0.000000
0.000000 -0.000001
0.000000 0.000000
0.000000 0.000000
0.000000 0.000000
0.000000 0.000000
0.000000 0.000000
0.000000 0.000000
0.000000 0.000000
0.000000 0.000000
0.000000 0.000000
0.000000 0.000000
0.000000 0.000000
0.000000 -0.000014
0.000000 0.000000
0.000000 0.000000
0.000000 0.000000
0.000000 -0.000012
0.000000 0.000000
0.000000 0.000000
0.000000 0.000000
0.000000 0.000002
0.000000 0.000000
0.000000 0.000000
0.000000 0.000000
0.000000 0.000000
0.000000 0.000000
0.000000 0.000000
0.000000 0.000000
0.000000 0.000000
0.000000 0.000000
0.000000 0.000000
0.000000 -0.000001
0.000000 0.000000
0.000000 0.000000
0.000000 0.000000
0.000000 0.000000
0.000000 0.000000
0.000000 0.000000
0.000000 0.000000
0.000000 0.000000
0.000000 0.000000
0.000000 0.000000
0.000000 0.000000
0.000000 0.000000
0.000000 -0.000005
0.000000 0.000000
0.000000 0.000000
0.000000 0.000000
0.000000 0.000000
0.000000 0.000000
0.000000 0.000000
0.000000 0.000000
0.000000 0.000000
0.000000 0.000000
0.000000 0.000000
0.000000 0.000000
0.000000 0.000000
0.000000 0.000000
0.000000 0.000000
0.000000 0.000002
0.000000 0.000000
0.000000 0.000000
0.000000 0.000000
0.000000 0.000000
0.000000 0.000000
0.000000 0.000000
0.000000 -0.000001
0.000000 0.000000
0.000000 0.000000
0.000000 0.000000
0.000000 0.000000
0.000000 0.000000
0.000000 0.000000
0.000000 0.000000
0.000000 0.000000
0.000000 0.000001
0.000000 0.000000
0.000000 0.000000
0.000000 0.000000
0.000000 0.000000
0.000000 0.000000
0.000000 0.000000
0.000000 -0.000001
0.000000 0.000000
0.000000 0.000001
0.000000 0.000000
0.000000 0.000000
0.000000 0.000000
0.000000 0.000000
0.000000 0.000000
0.000000 0.000000
0.000000 0.000000
0.000000 0.000000
0.000000 0.000000
0.000000 0.000000
0.000000 0.000000
0.000000 0.000000
0.000000 0.000000
0.000000 0.000000
0.000000 0.000000
0.000000 -0.000001
0.000000 0.000000
0.000000 0.000000
0.000000 0.000000
0.000000 0.000000
0.000000 0.000000
0.000000 0.000000
0.000000 0.000000
0.000000 0.000000
0.000000 0.000000
0.000000 0.000000
0.000000 0.000000
0.000000 0.000000
0.000000 0.000000
0.000000 0.000000
0.000000 0.000000
0.000000 0.000000
0.000000 0.000000
0.000000 0.000000
0.000000 0.000000
0.000000 0.000000
0.000000 0.000000
0.000000 0.000004
0.000000 0.000000
0.000000 0.000000
0.000000 0.000000
0.000000 0.000000
0.000000 0.000000
0.000000 0.000000
0.000000 0.000000
0.000000 0.000000
0.000000 0.000006
0.000000 0.000000
0.000000 0.000000
0.000000 0.000000
0.000000 0.000000
0.000000 0.000000
0.000000 0.000000
0.000000 0.000000
0.000000 0.000000
0.000000 0.000000
0.000000 0.000000
0.000000 0.000000
0.000000 -0.000010
0.000000 0.000000
0.000000 0.000004
0.000000 0.000000
0.000000 0.000000
0.000000 0.000000
0.000000 0.000000
0.000000 -0.000003
0.000000 0.000000
0.000000 0.000000
0.000000 0.000000
0.000000 0.000000
0.000000 0.000000
0.000000 0.000000
0.000000 0.000000
0.000000 0.000000
0.000000 0.000000
0.000000 0.000000
0.000000 0.000000
0.000000 0.000000
0.000000 0.000000
0.000000 -0.000004
0.000000 -0.000002
0.000000 0.000004
0.000000 0.000000
0.000000 0.000006
0.000000 0.000000
0.000000 0.000000
0.000000 0.000000
0.000000 0.000000
0.000000 0.000000
0.000000 0.000000
0.000000 0.000000
0.000000 0.000000
0.000000 0.000000
0.000000 0.000000
0.000000 0.000000
0.000000 0.000000
0.000000 0.000000
0.000000 0.000000
0.000000 0.000000
0.000000 0.000000
0.000000 0.000000
0.000000 0.000000
0.000000 0.000000
0.000000 0.000000
0.000000 0.000000
0.000000 0.000000
0.000000 0.000000
0.000000 0.000003
0.000000 0.000000
0.000000 0.000000
0.000000 0.000000
0.000000 0.000000
0.000000 0.000000
0.000000 0.000000
0.000000 0.000000
0.000000 0.000000
0.000000 0.000000
0.000000 0.000000
0.000000 0.000000
0.000000 0.000000
0.000000 0.000000
0.000000 0.000000
0.000000 0.000000
0.000000 0.000000
0.000000 -0.000002
0.000000 0.000000
0.000000 0.000001
0.000000 0.000000
0.000000 0.000000
0.000000 0.000000
0.000000 0.000000
0.000000 0.000000
0.000000 0.000000
0.000000 0.000000
0.000000 0.000000
0.000000 0.000000
0.000000 0.000000
0.000000 0.000000
0.000000 0.000000
0.000000 0.000000
0.000000 0.000001
0.000000 0.000000
0.000000 0.000000
0.000000 -0.000001
0.000000 0.000000
0.000000 0.000000
0.000000 0.000000
0.000000 0.000000
0.000000 0.000000
0.000000 0.000000
0.000000 0.000000
0.000000 0.000000
0.000000 0.000005
0.000000 0.000001
0.000000 0.000000
0.000000 0.000000
0.000000 0.000000
0.000000 0.000000
0.000000 0.000000
0.000000 0.000000
0.000000 0.000000
0.000000 0.000000
0.000000 0.000000
0.000000 0.000000
0.000000 0.000000
0.000000 0.000000
0.000000 0.000000
0.000000 0.000001
0.000000 0.000000
0.000000 0.000000
0.000000 0.000000
0.000000 0.000000
0.000000 0.000000
0.000000 0.000000
0.000000 0.000000
0.000000 0.000000
0.000000 0.000000
0.000000 0.000000
0.000000 0.000000
0.000000 0.000000
0.000000 0.000006
0.000000 0.000000
0.000000 0.000002
0.000000 0.000000
0.000000 0.000005
0.000000 0.000008
0.000000 0.000000
0.000000 0.000000
0.000000 0.000000
0.000000 0.000000
0.000000 0.000001
0.000000 0.000000
0.000000 0.000000
0.000000 0.000000
0.000000 0.000000
0.000000 0.000000
0.000000 0.000000
0.000000 0.000000
0.000000 0.000000
0.000000 0.000000
0.000000 0.000000
0.000000 0.000000
0.000000 0.000000
0.000000 0.000000
0.000000 0.000000
0.000000 0.000000
0.000000 0.000000
0.000000 0.000000
0.000000 -0.000001
0.000000 0.000000
0.000000 -0.000001
0.000000 0.000000
0.000000 0.000000
0.000000 0.000000
0.000000 0.000000
0.270079 -0.137939
0.219454 0.018714
0.245109 0.358027
0.213536 0.119004
0.155920 0.107350
0.000019 -0.257137
0.005871 -0.274002
0.000000 0.000000
0.000161 0.001195
0.000021 -0.000149
0.000155 0.001167
0.000076 0.000572
0.000000 0.000000
0.000000 0.000000
0.000000 0.000000
0.000000 0.000000
0.000000 0.000000
0.000000 0.000000
0.000000 0.000000
0.000000 0.000000
0.000000 0.000000
0.000000 0.000000
0.000000 0.000000
0.000000 -0.000001
0.000000 0.000000
0.000000 0.000000
0.000000 0.000000
0.000000 0.000000
0.000000 0.000000
0.000000 0.000000
0.000000 0.000000
0.000000 0.000000
0.000000 0.000000
0.000000 0.000000
0.000000 0.000000
0.000000 0.000000
0.000000 0.000000
0.000000 0.000000
0.000000 0.000003
0.000000 -0.000001
0.000000 0.000004
0.000000 0.000001
0.000000 0.000000
0.000000 0.000000
0.000000 0.000000
0.000000 0.000000
0.000000 0.000000
0.000000 0.000009
0.000000 0.000000
0.000000 -0.000001
0.000000 0.000000
0.000000 0.000000
0.000000 0.000000
0.000000 0.000000
0.000000 -0.000004
0.000000 0.000002
0.000000 0.000004
0.000000 0.000000
0.000000 0.000000
0.000000 0.000000
0.000000 0.000000
0.000000 0.000000
0.000000 0.000000
0.000000 0.000000
0.000000 0.000000
0.000000 0.000001
0.000000 0.000000
0.000000 0.000000
0.000000 0.000000
0.000000 0.000000
0.000000 0.000000
0.000000 0.000000
0.000000 0.000000
0.000000 0.000000
0.000000 0.000000
0.000000 0.000000
0.000000 0.000000
0.000000 0.000002
0.000000 0.000010
0.000000 0.000003
0.000000 0.000000
0.000000 0.000000
0.000000 0.000000
0.000000 0.000000
0.000000 -0.000007
0.000000 0.000000
0.000000 0.000000
0.000000 0.000000
0.000000 0.000000
0.000000 0.000000
0.000000 0.000000
0.000000 0.000000
0.000000 -0.000002
0.000000 0.000000
0.000000 0.000000
0.000000 0.000001
0.000000 0.000000
0.000000 0.000000
0.000000 0.000000
0.000000 0.000000
0.000000 0.000000
0.000000 0.000000
0.000000 0.000000
0.000000 0.000000
0.000000 0.000000
0.000000 0.000001
0.000000 0.000000
0.000000 0.000001
0.000000 0.000000
0.000000 0.000000
0.000000 0.000000
0.000000 0.000000
0.000000 0.000000
0.000000 0.000000
0.000000 0.000000
0.000000 0.000000
0.000000 0.000000
0.000000 0.000000
0.000000 -0.000001
0.000000 0.000000
0.000000 0.000000
0.000000 0.000001
0.000000 0.000000
0.000000 0.000000
0.000000 0.000000
0.000000 0.000000
0.000000 0.000000
0.000000 0.000000
0.000000 0.000000
0.000000 0.000000
0.000000 0.000000
0.000000 0.000000
0.000000 0.000000
0.000000 0.000000
0.000000 0.000000
0.000000 0.000000
0.000000 0.000000
0.000000 0.000000
0.000000 0.000000
0.000000 0.000000
0.000000 -0.000006
0.000000 0.000000
0.000000 0.000000
0.000000 0.000000
0.000000 0.000000
0.000000 0.000000
0.000000 0.000000
0.000000 0.000000
0.000000 0.000000
0.000000 -0.000001
0.000000 0.000000
0.000000 -0.000001
0.000000 0.000000
0.000000 0.000000
0.000000 0.000000
0.000000 0.000000
0.000000 0.000000
0.000000 0.000001
0.000000 0.000000
0.000000 -0.000010
0.000000 0.000000
0.000000 0.000000
0.000000 0.000000
0.000000 0.000000
0.000000 0.000001
0.000000 0.000000
0.000000 0.000001
0.000000 0.000000
0.000000 0.000000
0.000000 -0.000001
0.000000 0.000000
0.000000 0.000000
0.000000 0.000000
0.000000 0.000000
0.000000 0.000000
0.000000 0.000000
0.000000 0.000000
0.000000 0.000000
0.000000 0.000000
0.000000 -0.000001
0.000000 -0.000001
0.000000 0.000001
0.000000 0.000000
0.000000 0.000000
0.000000 0.000000
0.000000 0.000000
0.000000 0.000000
0.000000 0.000000
0.000000 0.000000
0.000000 0.000000
0.000000 0.000000
0.000000 0.000000
0.000000 0.000001
0.000000 0.000000
0.000000 0.000000
0.000000 -0.000006
0.000000 0.000009
0.000000 0.000000
0.000000 0.000000
0.000000 0.000000
0.000000 0.000001
0.000000 0.000000
0.000000 0.000000
0.000000 0.000000
0.000000 0.000000
0.000000 -0.000009
0.000000 0.000000
0.000000 -0.000005
0.000000 0.000000
0.000000 0.000010
0.000000 0.000000
0.000000 0.000000
0.000000 0.000000
0.000000 0.000000
0.000000 0.000000
0.000000 0.000000
0.000000 0.000000
0.000000 0.000000
0.000000 0.000000
0.000000 0.000000
0.000000 0.000000
0.000000 0.000000
0.000000 0.000000
0.000000 0.000000
0.000000 0.000000
0.000000 0.000000
0.000000 0.000000
0.000000 0.000000
0.000000 0.000000
0.000000 0.000000
0.000000 0.000000
0.000000 0.000000
0.000000 -0.000004
0.000000 0.000003
0.000000 0.000004
0.000000 -0.000001
0.000000 0.000000
0.000000 0.000000
0.000000 0.000000
0.000000 0.000000
0.000000 0.000000
0.000000 0.000000
0.000000 0.000001
0.000000 0.000000
0.000000 0.000000
0.000000 0.000000
0.000000 0.000000
0.000000 -0.000004
0.000000 0.000007
0.000000 0.000000
0.000000 0.000000
0.000000 0.000000
0.000000 0.000000
0.000000 0.000000
0.000000 0.000000
0.000000 0.000000
0.000000 0.000000
0.000000 0.000000
0.000000 0.000000
0.000000 0.000000
0.000000 0.000000
0.000000 0.000000
0.000000 0.000000
0.000000 0.000000
0.000000 0.000000
0.000000 0.000000
0.000000 0.000000
0.000000 0.000000
0.000000 0.000000
0.000000 0.000000
0.000000 0.000000
0.000000 0.000000
0.000000 0.000000
0.000000 0.000001
0.000000 0.000006
0.000000 0.000000
0.000000 -0.000004
0.000000 -0.000006
0.000000 0.000000
0.000000 0.000000
0.000000 0.000000
0.000000 0.000000
0.000000 0.000000
0.000000 0.000001
0.000000 0.000003
0.000000 0.000001
0.000000 0.000000
0.000000 0.000000
0.000000 0.000000
0.000000 0.000000
0.000000 -0.000001
0.000000 0.000000
0.000000 -0.000002
0.000000 0.000000
0.000000 0.000000
0.000000 0.000000
0.000000 0.000000
0.000000 0.000000
0.000000 0.000000
0.000000 0.000000
0.000000 0.000007
0.000000 0.000002
0.000000 0.000000
0.000000 0.000000
0.000000 -0.000001
0.000000 0.000000
0.000000 0.000000
0.000000 0.000000
0.000000 0.000000
0.000000 0.000000
0.008779 0.980675
0.067481 0.951153
0.218246 0.812914
0.193342 0.830953
0.189125 0.750076
0.213888 0.565913
0.261166 0.276000
0.197190 0.221207
0.129665 0.152280
0.007230 1.127943
0.004413 1.001757
0.004741 1.014201
0.002823 0.789927
0.000048 0.600755
0.003999 0.456887
0.001790 0.300694
0.002330 0.283981
0.001780 0.251726
0.000000 0.000000
0.000118 0.000846
0.000093 0.000764
0.000153 0.001134
0.000110 0.000788
0.000000 0.000000
0.000000 0.000000
0.000000 0.000000
0.000000 -0.000007
0.000000 0.000000
0.000000 0.000000
0.000000 0.000000
0.000000 0.000000
0.000000 0.000001
0.000000 0.000000
0.000000 0.000000
0.000000 -0.000001
0.000000 -0.000001
0.000000 -0.000001
0.000000 0.000000
0.000000 -0.000002
0.000000 0.000000
0.000000 0.000000
0.000000 0.000000
0.000000 0.000000
0.000000 0.000000
0.000000 0.000000
0.000095 -0.000721
0.000115 -0.000877
0.000000 0.000000
0.000000 0.000000
0.000000 0.000000
0.000000 0.000002
0.000000 0.000000
0.000000 0.000000
0.000000 0.000000
0.000000 -0.000001
0.000000 0.000004
0.000000 0.000000
0.000000 0.000000
0.000000 0.000000
0.000000 -0.000001
0.000000 0.000000
0.000000 0.000000
0.000000 -0.000001
0.000000 0.000001
0.000000 0.000000
0.000000 -0.000001
0.000000 0.000000
0.000000 0.000000
0.000000 0.000001
0.000000 -0.000001
0.000000 -0.000005
0.000000 0.000000
0.000000 0.000000
0.000000 0.000002
0.000000 -0.000002
0.000000 0.000000
0.000000 0.000000
0.000000 0.000000
0.000000 -0.000002
0.000000 0.000000
0.000000 0.000000
0.000000 0.000000
0.000000 0.000000
0.000000 0.000000
0.000000 0.000000
0.000000 0.000000
0.000000 0.000000
0.000000 0.000000
0.000000 0.000000
0.000000 0.000000
0.000000 0.000008
0.000000 -0.000004
0.000000 0.000000
0.000000 0.000000
0.000000 0.000000
0.000000 0.000000
0.000000 0.000000
0.000000 0.000000
0.000000 0.000001
0.000000 0.000001
0.000000 0.000000
0.000000 0.000000
0.000000 0.000001
0.000000 0.000000
0.000000 0.000000
0.000000 0.000001
0.000000 -0.000004
0.000000 0.000000
0.000000 0.000000
0.000000 0.000000
0.000000 0.000000
0.000000 0.000000
0.000000 0.000000
0.000000 0.000000
0.000000 0.000000
0.000000 0.000000
0.000000 0.000001
0.000000 0.000002
0.000000 0.000000
0.000000 0.000000
0.000000 0.000000
0.000000 0.000001
0.000000 -0.000004
0.000000 0.000003
0.000000 0.000000
0.000000 0.000000
0.000000 0.000002
0.000000 -0.000003
0.000000 -0.000002
0.000000 0.000000
0.000000 -0.000004
0.000000 0.000003
0.000000 0.000000
0.000000 0.000000
0.000000 0.000002
0.000000 -0.000001
0.000000 0.000000
0.000000 0.000000
0.000000 0.000000
0.000000 0.000000
0.000000 0.000000
0.000000 0.000000
0.000000 0.000000
0.000000 0.000000
0.000000 -0.000001
0.000000 0.000000
0.000000 -0.000004
0.000000 0.000000
0.000000 0.000000
0.000000 0.000003
0.000000 -0.000004
0.000000 0.000000
0.000000 0.000000
0.000000 0.000000
0.000000 0.000000
0.000000 0.000000
0.000000 0.000000
0.000000 0.000000
0.000000 0.000000
0.000000 -0.000001
0.000000 0.000001
0.000000 0.000003
0.000000 -0.000001
0.000000 0.000003
0.000000 0.000000
0.000000 0.000000
0.000000 0.000000
0.000000 0.000000
0.000000 0.000000
0.000000 0.000000
0.000000 0.000000
0.000000 -0.000001
0.000000 0.000001
0.000000 0.000000
0.000000 -0.000001
0.000000 0.000000
0.000000 0.000000
0.000000 0.000000
0.000000 0.000000
0.000000 0.000000
0.000000 0.000000
0.000000 0.000000
0.000000 0.000000
0.000000 0.000000
0.000000 0.000000
0.000000 0.000000
0.000000 -0.000001
0.000000 -0.000003
0.000000 -0.000001
0.000000 -0.000002
0.000000 0.000000
0.000000 0.000000
0.000000 0.000000
0.000000 0.000000
0.000000 -0.000001
0.000000 0.000000
0.000000 0.000000
0.000000 0.000000
0.000000 -0.000006
0.000000 0.000000
0.000000 0.000000
0.000000 0.000004
0.000000 0.000002
0.000000 0.000000
0.000000 -0.000004
0.000000 0.000002
0.000000 -0.000002
0.000000 0.000000
0.000000 0.000000
0.000000 0.000000
0.000000 0.000000
0.000000 0.000000
0.000000 0.000001
0.000000 0.000000
0.000000 0.000000
0.000000 0.000000
0.000000 0.000000
0.000000 -0.000003
0.000000 0.000009
0.000000 0.000003
0.000000 0.000000
0.000000 0.000000
0.000000 0.000000
0.000000 0.000000
0.000000 0.000000
0.000000 0.000000
0.000000 0.000004
0.000000 0.000000
0.000000 -0.000004
0.000000 0.000001
0.000000 0.000000
0.000000 0.000000
0.000000 0.000000
0.000000 0.000000
0.000000 0.000000
0.000000 0.000000
0.000000 0.000000
0.000000 0.000000
0.000000 0.000000
0.000000 0.000000
0.000000 0.000000
0.000000 0.000000
0.000000 0.000000
0.000000 0.000000
0.000000 -0.000001
0.000000 0.000000
0.000000 0.000002
0.000000 0.000000
0.000000 0.000000
0.000000 0.000000
0.000000 0.000000
0.000000 0.000000
0.000000 0.000000
0.000000 0.000000
0.000000 0.000005
0.000000 0.000000
0.000000 0.000000
0.000000 0.000006
0.000000 -0.000006
0.000000 0.000000
0.000000 0.000000
0.000000 -0.000003
0.000000 0.000000
0.000000 0.000000
0.000000 0.000003
0.000000 0.000008
0.000000 0.000004
0.000000 0.000000
0.000000 0.000000
0.000000 -0.000001
0.000000 0.000000
0.000000 0.000000
0.000000 -0.000001
0.000000 0.000004
0.000000 0.000004
0.000000 0.000000
0.000000 0.000000
0.000000 0.000000
0.000000 0.000000
0.000000 0.000000
0.000000 0.000000
0.000000 0.000000
0.000000 0.000000
0.000000 -0.000001
0.000000 -0.000005
0.000000 0.000000
0.000000 0.000001
0.000000 -0.000001
0.000000 0.000007
0.000000 0.000002
0.000000 0.000000
0.000000 0.000000
0.000000 0.000000
0.000000 0.000000
0.000000 -0.000006
0.000000 0.000001
0.000000 0.000000
0.000000 0.000000
0.000000 0.000000
0.000000 0.000001
0.000000 0.000000
0.000000 0.000000
0.000000 -0.000005
0.000000 0.000000
0.000000 0.000000
0.000000 0.000000
0.000000 0.000000
0.000000 0.000000
0.000000 0.000000
0.000000 0.000001
0.000000 0.000000
0.000000 0.000003
0.000000 0.000000
0.000000 0.000000
0.000000 0.000006
0.000000 0.000000
0.000000 0.000000
0.000000 0.000003
0.000000 0.000000
0.000000 0.000000
0.000000 0.000000
0.000000 0.000000
0.000000 0.000000
0.000000 0.000000
0.000000 0.000000
0.000000 0.000009
0.000000 0.000000
0.000000 0.000001
0.000000 0.000001
0.000000 -0.000001
0.000000 -0.000001
0.000000 0.000005
0.000000 0.000000
0.000000 0.000000
0.000000 0.000006
0.000000 0.000000
0.000000 0.000000
0.000000 -0.000001
0.000000 0.000000
0.000000 -0.000001
0.000000 0.000001
0.000000 0.000000
0.000000 -0.000001
0.000000 0.000000
0.000000 0.000000
0.000000 0.000007
0.000000 0.000000
0.000000 0.000000
0.000000 0.000000
0.000000 0.000000
0.000000 0.000000
0.000000 0.000000
0.000000 -0.000004
0.000000 0.000003
0.000000 0.000000
0.000000 0.000000
0.000000 -0.000004
0.000000 0.000000
0.000000 0.000001
0.000000 0.000000
0.000000 0.000000
0.000000 -0.000003
0.000000 0.000000
0.000000 0.000000
0.000000 0.000000
0.000000 0.000000
0.000000 0.000000
0.000000 0.000003
0.000000 0.000000
0.000000 -0.000001
0.000000 0.000000
0.000000 0.000000
0.000000 0.000000
0.000000 0.000001
0.000000 0.000000
0.000000 -0.000001
0.000000 0.000000
0.000000 0.000000
0.000000 0.000000
0.000000 -0.000006
0.000000 0.000000
0.000000 0.000000
0.000000 -0.000004
0.000000 0.000000
0.000000 0.000000
0.000000 0.000000
0.000000 0.000001
0.000000 0.000000
0.000000 0.000008
0.000000 0.000000
0.000000 0.000000
0.000000 0.000000
0.000000 0.000000
0.000000 0.000000
0.000000 -0.000003
0.000000 0.000000
0.000000 0.000000
0.000000 -0.000001
0.000000 0.000000
0.000000 0.000000
0.000000 0.000000
0.000000 0.000000
0.000000 0.000000
0.000000 0.000000
0.000000 0.000000
0.000000 0.000000
0.000000 0.000000
0.000000 0.000000
0.000000 0.000001
0.000000 -0.000004
0.000000 0.000000
0.000000 -0.000003
0.000000 0.000000
0.000000 0.000004
0.000000 0.000004
0.000000 0.000000
0.000000 0.000000
0.000000 0.000000
0.000000 0.000000
0.000000 0.000000
0.000000 0.000000
0.000000 0.000000
0.000000 0.000000
0.000000 0.000000
0.000000 0.000001
0.000000 0.000002
0.000000 0.000001
0.000000 0.000000
0.000000 0.000000
0.000000 0.000000
0.000000 0.000000
0.000000 0.000000
0.000000 0.000000
0.000000 0.000000
0.000000 0.000000
0.000000 -0.000001
0.000000 0.000000
0.000000 0.000001
0.000000 -0.000004
0.000000 -0.000003
0.000000 -0.000001
0.000000 0.000000
0.000000 0.000001
0.000000 0.000000
0.000000 0.000000
0.000000 0.000000
0.000000 -0.000006
0.000000 0.000001
0.000000 0.000000
0.000000 0.000000
0.000000 0.000005
0.000000 0.000000
0.000000 0.000000
0.000000 0.000000
0.000000 0.000000
0.000000 0.000000
0.000000 0.000000
0.000000 0.000001
0.000000 0.000000
0.000000 0.000000
0.000000 0.000000
0.000000 0.000000
0.000000 0.000000
0.000000 0.000000
0.000000 0.000000
0.000000 0.000000
0.000000 0.000001
0.000000 0.000000
0.000000 0.000000
0.000000 0.000000
0.000000 0.000000
0.000000 0.000000
0.000000 0.000000
0.000000 0.000000
0.000000 0.000000
0.000000 0.000000
0.000000 0.000000
0.000000 0.000000
0.000000 0.000000
0.000000 0.000000
0.000000 0.000000
0.000000 -0.000001
0.000000 0.000000
0.000000 0.000000
0.000000 0.000000
0.000000 0.000000
0.000000 0.000000
0.000000 0.000000
0.000000 0.000000
0.000000 0.000000
0.000000 0.000000
0.000000 0.000000
0.000000 0.000000
0.000000 0.000000
0.000000 0.000000
0.000000 0.000000
0.000000 0.000000
0.000000 -0.000003
0.000000 0.000000
0.000000 0.000000
0.000000 0.000000
0.000000 0.000000
0.000000 0.000000
0.000000 0.000000
0.000000 0.000000
0.000000 0.000000
0.000000 0.000000
0.000000 0.000006
0.000000 0.000000
0.000000 0.000002
0.000000 0.000009
0.000000 0.000000
0.000000 0.000000
0.000000 0.000000
0.000000 0.000000
0.000000 0.000000
0.000000 0.000000
0.000000 -0.000001
0.000000 0.000004
0.000000 0.000000
0.000000 0.000000
0.000000 -0.000002
0.000000 0.000000
0.000000 -0.000001
0.000000 0.000000
0.000000 0.000001
0.000000 0.000002
0.000000 0.000001
0.000000 0.000000
0.000000 0.000000
0.000000 0.000000
0.000000 0.000000
0.000000 0.000000
0.000000 0.000000
0.000000 -0.000003
0.000000 0.000005
0.000000 0.000000
0.000000 0.000001
0.000000 0.000004
0.000000 0.000004
0.000000 0.000000
0.000000 0.000000
0.000000 0.000000
0.000000 0.000000
0.000000 0.000000
0.000000 0.000000
0.000000 0.000000
0.000000 0.000000
0.000000 0.000004
0.000000 -0.000005
0.000000 -0.000001
0.000000 0.000000
0.000000 0.000000
0.000000 0.000005
0.000000 0.000003
0.000000 0.000000
0.000000 0.000000
0.000000 0.000000
0.000000 -0.000007
0.000000 0.000002
0.000000 0.000000
0.000000 0.000000
0.000000 0.000000
0.000000 0.000006
0.000000 0.000001
0.000000 0.000000
0.000000 0.000000
0.000000 0.000000
0.000000 0.000000
0.000000 0.000000
0.000000 0.000000
0.000000 0.000000
0.000000 0.000000
0.000000 0.000000
0.000000 0.000000
0.000000 0.000000
0.000000 -0.000002
0.000000 0.000000
0.000000 0.000001
0.000000 0.000000
0.000000 0.000000
0.000000 0.000001
0.000000 -0.000012
0.000000 0.000000
0.000000 0.000000
0.000000 0.000000
0.000000 0.000000
0.000000 0.000000
0.000000 0.000000
0.000000 0.000002
0.000000 0.000005
0.000000 -0.000001
0.000000 -0.000001
0.000000 0.000000
0.000000 0.000000
0.000000 -0.000005
0.000000 0.000000
0.000000 0.000000
0.000000 0.000000
0.000000 0.000008
0.000000 0.000000
0.000000 0.000000
0.000000 0.000001
0.000000 0.000000
0.000000 0.000000
0.000000 0.000000
0.000000 0.000000
0.000000 0.000000
0.000000 0.000000
0.000000 -0.000004
0.000000 0.000001
0.000000 0.000000
0.000000 0.000000
0.000000 0.000000
0.000000 0.000000
0.000000 0.000000
0.000000 0.000000
0.000000 0.000000
0.000000 0.000000
0.000000 0.000000
0.000000 0.000000
0.000000 0.000000
0.000000 0.000000
0.000000 -0.000002
0.000000 0.000000
0.000000 0.000000
0.000000 0.000000
0.000000 0.000000
0.000000 0.000000
0.000000 0.000000
0.000000 0.000000
0.000000 0.000000
0.000000 -0.000001
0.000000 -0.000001
0.000000 0.000001
0.000000 0.000002
0.000000 0.000000
0.000000 -0.000001
0.000000 -0.000001
0.000000 0.000000
0.000000 0.000000
0.000000 0.000002
0.000000 0.000000
0.000000 0.000000
0.000000 0.000000
0.000000 -0.000001
0.000000 0.000000
0.000000 0.000003
0.000000 0.000000
0.000000 0.000001
0.000000 0.000005
0.000000 0.000000
0.000000 0.000000
0.000000 0.000000
0.000000 0.000000
0.000000 0.000000
0.000000 0.000000
0.000000 0.000000
0.000000 0.000000
0.000000 0.000000
0.000000 0.000000
0.000000 0.000005
0.000000 0.000005
0.000000 0.000010
0.000000 0.000000
0.000000 0.000000
0.000000 0.000004
0.000000 0.000000
0.000000 0.000000
0.000000 0.000001
0.000000 -0.000002
0.000000 0.000000
0.000000 0.000000
0.000000 0.000000
0.000000 0.000009
0.000000 0.000003
0.000000 0.000000
0.000000 -0.000001
0.000000 0.000000
0.000000 0.000002
0.000000 0.000000
0.000000 0.000000
0.000000 0.000000
0.000000 0.000000
0.000000 0.000000
0.000000 0.000000
0.000000 0.000000
0.000000 0.000004
0.000000 -0.000002
0.000000 0.000001
0.000000 -0.000004
0.000000 0.000002
0.000000 0.000000
0.000000 0.000000
0.000000 0.000000
0.000000 0.000000
0.000000 0.000000
0.000000 0.000000
0.000000 0.000000
0.000000 0.000000
0.000000 0.000000
0.000000 0.000002
0.000000 0.000004
0.000000 -0.000002
0.000000 -0.000006
0.000000 0.000001
0.000000 0.000000
0.000000 0.000003
0.000000 -0.000001
0.000000 0.000000
0.000000 0.000000
0.000000 0.000003
0.000000 0.000001
0.000000 0.000007
0.000000 0.000000
0.000000 0.000005
0.000000 0.000000
0.000000 0.000000
0.000000 0.000000
0.000000 -0.000005
0.000000 0.000000
0.000000 0.000003
0.000000 0.000000
0.000000 0.000001
0.000000 0.000000
0.000000 -0.000001
0.000000 0.000000
0.000000 0.000000
0.000000 0.000000
0.000000 0.000001
0.000000 -0.000001
0.000000 0.000003
0.000000 0.000000
0.000000 0.000000
0.000000 0.000004
0.000000 -0.000002
0.000000 0.000000
0.000000 0.000000
0.000000 0.000000
0.000000 0.000003
0.000000 0.000000
0.000000 0.000000
0.000000 0.000000
0.000000 0.000000
0.000000 0.000002
0.000000 0.000000
0.000000 0.000000
0.000000 0.000004
0.000000 0.000000
0.000000 0.000000
0.000000 0.000001
0.000000 -0.000001
0.000000 0.000000
0.000000 0.000001
0.000000 -0.000001
0.000000 -0.000001
0.000000 0.000000
0.000000 0.000000
0.000000 -0.000001
0.000000 0.000000
0.000000 0.000000
0.000000 0.000001
0.000000 0.000001
0.000000 -0.000006
0.000000 0.000001
0.000000 0.000000
0.000000 0.000000
0.000000 0.000000
0.000000 0.000000
0.000000 0.000000
0.000000 0.000000
0.000000 0.000000
0.000000 0.000000
0.000000 -0.000001
0.000000 0.000000
0.000000 0.000001
0.000000 0.000000
0.000000 0.000001
0.000000 0.000000
0.000000 0.000000
0.000000 0.000000
0.000000 0.000000
0.000000 0.000000
0.000000 0.000000
0.000000 0.000000
0.000000 0.000007
0.000000 0.000001
0.000000 -0.000001
0.000000 0.000000
0.000000 -0.000001
0.000000 0.000001
0.000000 0.000006
0.000000 0.000000
0.000000 0.000000
0.000000 0.000000
0.000000 0.000000
0.000000 0.000000
0.000000 0.000000
0.000000 0.000000
0.000000 0.000000
0.000000 -0.000001
0.000000 0.000000
0.000000 0.000000
0.000000 -0.000001
0.000000 0.000000
0.000000 0.000000
0.000000 0.000000
0.000000 0.000000
0.000000 -0.000003
0.000000 0.000000
0.000000 0.000004
0.000000 0.000000
0.000000 0.000000
0.000000 0.000000
0.000000 0.000000
0.000000 0.000003
0.000000 0.000001
0.000000 0.000006
0.000000 0.000001
0.000000 -0.000002
0.000000 0.000000
0.000000 0.000000
0.000000 0.000000
0.000000 0.000000
0.000000 0.000000
0.000000 0.000000
0.000000 0.000000
0.000000 0.000000
0.000000 -0.000011
0.000000 -0.000001
0.000000 -0.000001
0.000000 -0.000002
0.000000 -0.000006
0.000000 0.000000
0.000000 0.000000
0.000000 0.000000
0.000000 -0.000001
0.000000 0.000000
0.000000 0.000000
0.000000 0.000000
0.000000 0.000000
0.000000 0.000000
0.000000 0.000000
0.000000 0.000008
0.000000 0.000000
0.000000 -0.000003
0.000000 -0.000001
0.000000 -0.000001
0.000000 0.000000
0.000000 0.000000
0.000000 0.000000
0.000000 0.000000
0.000000 0.000000
0.000000 0.000000
0.000000 0.000000
0.000000 0.000004
0.000000 0.000000
0.000000 0.000002
0.000000 0.000005
0.000000 0.000000
0.000000 0.000000
0.000000 0.000000
0.000000 0.000000
0.000000 0.000000
0.000000 0.000000
0.000000 0.000000
0.000000 0.000000
0.000000 0.000000
0.000000 -0.000006
0.000000 0.000000
0.000000 0.000005
0.000000 0.000000
0.000000 0.000000
0.000000 0.000007
0.000000 0.000001
0.000000 0.000000
0.000000 0.000000
0.000000 0.000000
0.000000 0.000000
0.000000 0.000000
0.000000 0.000000
0.000000 0.000000
0.000000 0.000000
0.000000 0.000000
0.000000 0.000000
0.000000 -0.000001
0.000000 -0.000004
0.000000 -0.000004
0.000000 0.000000
0.000000 0.000001
0.000000 0.000000
0.000000 0.000000
0.000000 0.000000
0.000000 0.000000
0.000000 0.000006
0.000000 0.000001
0.000000 0.000000
0.000000 0.000000
0.000000 0.000001
0.000000 -0.000005
0.000000 0.000003
0.000000 0.000000
0.000000 0.000000
0.000000 0.000000
0.000000 0.000000
0.000000 0.000000
0.000000 0.000000
0.000000 0.000000
0.000000 0.000000
0.000000 0.000000
0.000000 0.000005
0.000000 0.000000
0.000000 0.000000
0.000000 0.000001
0.000000 0.000000
0.000000 0.000001
0.000000 0.000000
0.000000 0.000005
0.000000 0.000000
0.000000 0.000000
0.000000 0.000000
0.000000 0.000000
0.000000 0.000000
0.000000 0.000000
0.000000 0.000000
0.000000 0.000000
0.000000 -0.000001
0.000000 0.000003
0.000000 0.000002
0.000000 0.000004
0.000000 0.000000
0.000000 0.000001
0.000000 0.000000
0.000000 0.000000
0.000000 0.000000
0.000000 0.000000
0.000000 0.000000
0.000000 0.000000
0.000000 -0.000001
0.000000 0.000000
0.000000 0.000003
0.000000 0.000004
0.000000 -0.000001
0.000000 -0.000002
0.000000 0.000000
0.000000 0.000000
0.000000 0.000000
0.000000 0.000000
0.000000 0.000000
0.000000 0.000000
0.000000 0.000000
0.000000 0.000001
0.000000 0.000000
0.000000 0.000004
0.000000 0.000001
0.000000 -0.000001
0.000000 0.000000
0.000000 0.000004
0.000000 0.000000
0.000000 -0.000001
0.000000 0.000000
0.000000 -0.000010
0.000000 0.000000
0.000000 0.000005
0.000000 0.000001
0.000000 0.000000
0.000000 0.000000
0.000000 -0.000007
0.000000 0.000000
0.000000 0.000001
0.000000 0.000000
0.000000 -0.000001
0.000000 0.000000
0.000000 -0.000001
0.000000 0.000000
0.000000 0.000000
0.000000 0.000000
0.000000 0.000000
0.000000 0.000000
0.000000 0.000000
0.000000 0.000004
0.000000 -0.000001
0.000000 0.000000
0.000000 0.000003
0.000000 0.000000
0.000000 0.000000
0.000000 0.000000
0.000000 -0.000006
0.000000 0.000000
0.000000 0.000000
0.000000 0.000000
0.000000 0.000009
0.000000 0.000000
0.000000 0.000000
0.000000 0.000000
0.000000 -0.000013
0.000000 0.000003
0.000000 0.000002
0.000000 0.000000
0.000000 0.000000
0.000000 0.000001
0.000000 0.000000
0.000000 0.000000
0.000000 0.000000
0.000000 0.000000
0.000000 0.000000
0.000000 0.000000
0.000000 0.000000
0.000000 0.000003
0.000000 0.000006
0.000000 0.000001
0.000000 -0.000001
0.000000 -0.000006
0.000000 0.000000
0.000000 0.000002
0.000000 0.000006
0.000000 0.000000
0.000000 0.000000
0.000000 0.000000
0.000000 0.000000
0.000000 0.000000
0.000000 0.000001
0.000000 0.000002
0.000000 0.000000
0.000000 0.000001
0.000000 0.000000
0.000000 0.000001
0.000000 0.000006
0.000000 0.000000
0.000000 0.000000
0.000000 0.000000
0.000000 0.000000
0.000000 -0.000006
0.000000 0.000000
0.000000 0.000000
0.000000 -0.000001
0.000000 0.000000
0.000000 0.000000
0.000000 0.000004
0.000000 0.000004
0.000000 0.000000
0.000000 0.000000
0.000000 0.000006
0.000000 0.000005
0.000000 0.000000
0.000000 0.000000
0.000000 0.000000
0.000000 0.000000
0.000000 0.000000
0.000000 0.000000
0.000000 0.000001
0.000000 0.000000
0.000000 0.000000
0.000000 0.000000
0.000000 0.000000
0.000000 -0.000005
0.000000 0.000000
0.000000 0.000000
0.000000 0.000000
0.000000 0.000000
0.000000 0.000000
0.000000 0.000000
0.000000 0.000000
0.000000 0.000000
0.000000 0.000000
0.000000 0.000000
0.000000 -0.000001
0.000000 0.000001
0.000000 -0.000004
0.000000 0.000000
0.000000 0.000000
0.000000 -0.000005
0.000000 0.000000
0.000000 0.000000
0.000000 0.000000
0.000000 0.000000
0.000000 -0.000005
0.000000 0.000000
