0.233300298902992 -0.15634526312351227
0.24776469950068886 -0.07423945516347885
0.2559363027924406 -0.15402023494243622
0.21955185492482748 0.06900262832641602
0.25718875067918384 0.05557521432638168
0.23088844268950842 0.06737260520458221
0.25322776903866817 0.06208574399352074
0.2523115591070589 0.011293267831206322
0.2386474846793219 -0.06865298002958298
0.22235802062415905 0.06978150457143784
0.25886724167385544 0.13250967860221863
0.23390705758521366 -0.017474856227636337
0.21579270572727646 -0.06374146044254303
0.2536040339150735 -0.04205381125211716
0.2594052484812205 0.15276999771595
0.2664202559631024 0.2685718834400177
0.2529000137498008 0.40586695075035095
0.25111017171019495 0.5403825640678406
0.2304617659383837 0.5622708797454834
0.22562710540648376 0.5372554063796997
0.25348603460515695 0.5303443670272827
0.25108947617164595 0.32138118147850037
0.2593665555490559 0.26572659611701965
0.27704664746459434 0.19932964444160461
0.251366243795427 0.02877572365105152
0.2489750489128467 -0.140507772564888
0.2528615073027033 -0.12864930927753448
0.25829122033090063 -0.049015019088983536
0.23673543968046232 0.20731420814990997
0.24391041125241394 0.17448391020298004
0.26356172212493356 0.2633003890514374
0.25957764939025907 0.3126083314418793
0.2508373881217013 0.32001444697380066
0.27002316360535267 0.2677417993545532
0.25834090285913663 0.3749006390571594
0.23939917610445366 0.2564640939235687
0.2656519080954543 0.262969434261322
0.2424277588267714 0.2216411828994751
0.2609617141244258 0.1567690074443817
0.2513529916982752 0.0
0.26320505851923254 -0.35440003871917725
0.23619208687237653 -0.26742634177207947
0.26192865573417035 -0.2737640142440796
0.25684501696736206 -0.24386928975582123
0.23357238824298374 -0.2377268373966217
0.2621991443258829 -0.2507053017616272
0.2541683780556695 -0.27521777153015137
0.29014367601554003 -0.16049110889434814
0.26179602818032094 -0.2669523358345032
0.23482913962534482 -0.1513127237558365
0.2614639729558031 -0.25024428963661194
0.24567341779950874 -0.1393377035856247
0.25489830344624914 -0.21391844749450684
0.27146114377227704 -0.12005980312824249
0.21918928594792503 -0.13379128277301788
0.22962277357052355 -0.13526903092861176
0.16295733560756612 -0.15218707919120789
0.11708822732386522 0.09755796939134598
0.0010999862312070462 0.206033393740654
0.0 0.0
0.0 0.0
3.8138903687436595e-05 0.0003015344263985753
3.808795047309689e-05 -0.00030351211898960173
0.0 2.9428342713799793e-06
0.0 1.1889422921740334e-06
0.0 2.3842885639169253e-06
0.0 1.168520498140424e-06
0.0 -1.2101471611458692e-06
0.0 0.0
0.0 0.0
0.0 0.0
0.0 0.0
0.0 0.0
0.0 2.5350339001306565e-06
0.0 0.0
0.0 -1.2125423154429882e-06
0.0 1.521993794995069e-06
0.0 0.0
0.0 0.0
0.0 -5.871494977327529e-06
0.0 2.637608531586011e-06
0.0 0.0
0.0 0.0
0.0 0.0
0.0 0.0
0.0 0.0
0.0 0.0
0.0 0.0
0.0 8.535969300282886e-07
0.0 -1.1951697160839103e-06
0.0 -1.1901138350367546e-06
0.0 0.0
0.0 0.0
0.0 1.1974733524766634e-06
0.0 0.0
0.0 0.0
0.0 0.0
0.0 0.0
0.0 -1.2028443734379834e-06
0.0 0.0
0.0 0.0
0.0 0.0
0.0 0.0
0.0 0.0
0.0 -5.934068667556858e-06
0.0 0.0
0.0 3.7232375689200126e-06
0.0 0.0
0.0 0.0
0.0 0.0
0.0 0.0
0.0 0.0
0.0 0.0
0.0 0.0
0.0 0.0
0.0 0.0
0.0 0.0
0.0 0.0
0.0 0.0
0.0 0.0
0.0 1.1955886520809145e-06
0.0 0.0
0.0 0.0
0.0 0.0
0.0 0.0
0.0 0.0
0.0 0.0
0.0 0.0
0.0 0.0
0.0 -3.5126709008181933e-06
0.0 0.0
0.0 -2.008968294830993e-06
0.0 1.1900057188540814e-06
0.0 1.215340603266668e-06
0.0 -2.5250710677937604e-06
0.0 0.0
0.0 0.0
0.0 0.0
0.0 0.0
0.0 0.0
0.0 0.0
0.0 1.2821379868910299e-06
0.0 0.0
0.0 0.0
0.0 1.4773621614949661e-06
0.0 1.1905789278898737e-06
0.0 -1.264938532585802e-06
0.0 0.0
0.0 0.0
0.0 0.0
0.0 0.0
0.0 0.0
0.0 0.0
0.0 0.0
0.0 0.0
0.0 0.0
0.0 0.0
0.0 0.0
0.0 0.0
0.0 -1.923677700688131e-06
0.0 0.0
0.0 0.0
0.0 1.1459246707090642e-06
0.0 0.0
0.0 0.0
0.0 0.0
0.0 -1.192024456031504e-06
0.0 1.1388038956283708e-06
0.0 0.0
0.0 0.0
0.0 0.0
0.0 0.0
0.0 8.464386382911471e-07
0.0 1.1923040119654615e-06
0.0 1.2415839591994882e-06
0.0 0.0
0.0 0.0
0.0 -3.573058393158135e-06
0.0 0.0
0.0 0.0
0.0 0.0
0.0 0.0
0.0 0.0
0.0 0.0
0.0 0.0
0.0 0.0
0.0 0.0
0.0 1.9068478422923363e-06
0.0 2.654119725775672e-06
0.0 -2.384112349318457e-06
0.0 0.0
0.0 0.0
0.0 0.0
0.0 0.0
0.0 0.0
0.0 0.0
0.0 0.0
0.0 0.0
0.0 0.0
0.0 0.0
0.0 0.0
0.0 0.0
0.0 0.0
0.0 0.0
0.0 0.0
0.0 0.0
0.0 0.0
0.0 0.0
0.0 0.0
0.0 0.0
0.0 0.0
0.0 9.943050827132538e-07
0.0 4.379398433229653e-06
0.0 1.1778895441239001e-06
0.0 -1.242508574250678e-06
0.0 0.0
0.0 0.0
0.0 1.1846595953102224e-06
0.0 2.3839613731979625e-06
0.0 0.0
0.0 0.0
0.0 0.0
0.0 0.0
0.0 0.0
0.0 0.0
0.0 0.0
0.0 2.3879119908087887e-06
0.0 1.4971806194807868e-06
0.0 1.194166429741017e-06
0.0 0.0
0.0 -1.2424001170074916e-06
0.0 0.0
0.0 0.0
0.0 0.0
0.0 0.0
0.0 1.2198731837997911e-06
0.0 -8.379823839277378e-07
0.0 1.2905728681289474e-06
0.0 -3.6493891002464807e-06
0.0 0.0
0.0 0.0
0.0 1.1899142009497155e-06
0.0 0.0
0.0 0.0
0.0 0.0
0.0 0.0
0.0 4.768040525959805e-06
0.0 0.0
0.0 0.0
0.0 0.0
0.0 -3.659956291812705e-06
0.0 0.0
0.0 0.0
0.0 0.0
0.0 0.0
0.0 3.0049081942706835e-06
0.0 0.0
0.0 0.0
0.0 0.0
0.0 0.0
0.0 0.0
0.0 0.0
0.0 0.0
0.0 0.0
0.0 0.0
0.0 0.0
0.0 5.971465270704357e-06
0.0 0.0
0.0 -2.0159554878773633e-06
0.0 0.0
0.0 1.2434485370249604e-06
0.0 0.0
0.0 0.0
0.0 0.0
0.0 0.0
0.0 0.0
0.0 0.0
0.0 0.0
0.0 0.0
0.0 0.0
0.0 1.1796848866651999e-06
0.0 0.0
0.0 -1.1768064496209263e-06
0.0 0.0
0.0 0.0
0.0 0.0
0.0 -1.1924950058528339e-06
0.0 0.0
0.0 0.0
0.0 0.0
0.0 0.0
0.0 0.0
0.0 0.0
0.0 0.0
0.0 0.0
0.0 -2.9998927857377566e-06
0.0 -8.609583233010198e-07
0.0 0.0
0.0 0.0
0.0 0.0
0.0 0.0
0.0 0.0
0.0 0.0
0.0 2.433699137327494e-06
0.0 2.3977029286470497e-06
0.0 0.0
0.0 0.0
0.0 0.0
0.0 0.0
0.0 0.0
0.0 0.0
0.0 0.0
0.0 1.1950120324399904e-06
0.0 -1.028504925670859e-06
0.0 -3.5134826248395257e-06
0.0 0.0
0.0 0.0
0.0 0.0
0.0 0.0
0.0 0.0
0.0 0.0
0.0 0.0
0.0 0.0
0.0 0.0
0.0 0.0
0.0 2.3854402115830453e-06
0.0 5.037636128690792e-06
0.0 0.0
0.0 0.0
0.0 0.0
0.0 0.0
0.0 0.0
0.0 0.0
0.0 0.0
0.0 -2.3933680495247245e-06
0.0 0.0
0.0 0.0
0.0 0.0
0.0 3.7888439692324027e-06
0.0 0.0
0.0 0.0
0.0 -1.192534568872361e-06
0.0 3.5145080801157746e-06
0.0 0.0
0.0 0.0
0.0 0.0
0.0 0.0
0.0 0.0
0.0 0.0
0.0 -9.684627002570778e-07
0.0 0.0
0.0 -1.4536461776515353e-06
0.0 -1.2007342320430325e-06
0.0 1.2102850632800255e-06
0.0 -2.295449348821421e-06
0.0 0.0
0.0 0.0
0.0 0.0
0.0 0.0
0.0 0.0
0.0 0.0
0.0 0.0
0.0 0.0
0.0 2.9868331239413237e-06
0.0 3.5780681173491757e-06
0.0 1.162843204838282e-06
0.0 0.0
0.0 1.4204553053787095e-06
0.0 0.0
0.0 0.0
0.0 0.0
0.0 0.0
0.0 0.0
0.0 0.0
0.0 0.0
0.0 0.0
0.0 0.0
0.0 0.0
0.0 -1.1729798643500544e-06
0.0 -2.8373758595989784e-06
0.0 0.0
0.0 0.0
0.0 0.0
0.0 0.0
0.0 0.0
0.0 0.0
0.0 0.0
0.0 0.0
0.0 0.0
0.0 0.0
0.0 -1.1916223456864827e-06
0.0 0.0
0.0 0.0
0.0 0.0
0.0 1.2717807749140775e-06
0.0 0.0
0.0 0.0
0.0 0.0
0.0 0.0
0.0 0.0
0.0 0.0
0.0 -1.2711188901448622e-06
0.0 0.0
0.0 0.0
0.0 0.0
0.0 1.1698613207045128e-06
0.0 0.0
0.0 -1.453153345210012e-06
0.0 0.0
0.0 2.3035727281239815e-06
0.0 1.1705678844009526e-06
0.0 0.0
0.0 0.0
0.0 0.0
0.0 0.0
0.0 0.0
0.0 0.0
0.0 0.0
0.0 1.1934907888644375e-06
0.0 1.1920074030058458e-06
0.0 -8.678036351739138e-07
0.0 -2.921657369370223e-06
0.0 -1.2411765055730939e-06
0.0 0.0
0.0 0.0
0.0 0.0
0.0 0.0
0.0 0.0
0.0 0.0
0.0 0.0
0.0 0.0
0.0 0.0
0.0 1.7090156916310661e-06
0.0 0.0
0.0 0.0
0.0 4.256991815054789e-06
0.0 -8.84869791661913e-07
0.0 0.0
0.0 0.0
0.0 0.0
0.0 0.0
0.0 0.0
0.0 0.0
0.0 0.0
0.0 0.0
0.0 0.0
0.0 0.0
0.0 0.0
0.0 -1.188173428090522e-06
0.0 0.0
0.0 0.0
0.0 -2.8267672860238235e-06
0.0 0.0
0.0 0.0
0.0 0.0
0.0 0.0
0.0 0.0
0.0 0.0
0.0 0.0
0.0 0.0
0.0 0.0
0.0 0.0
0.0 2.5102394829445984e-06
0.0 -1.3864992070011795e-06
0.0 0.0
0.0 1.216117766489333e-06
0.0 0.0
0.0 0.0
0.0 0.0
0.0 -8.749193511903286e-07
0.0 0.0
0.0 -1.1940417152800364e-06
0.0 0.0
0.0 0.0
0.0 0.0
0.0 0.0
0.0 -1.1898564480361529e-06
0.0 0.0
0.0 2.3339196104643634e-06
0.0 1.344625616184203e-06
0.0 0.0
0.0 0.0
0.0 0.0
0.0 0.0
0.0 0.0
0.0 0.0
0.0 0.0
0.0 0.0
0.0 -1.2166350416009664e-06
0.0 0.0
0.0 0.0
0.0 -1.4193553852237528e-06
0.0 0.0
0.0 -1.634803425076825e-06
0.0 0.0
0.0 0.0
0.0 0.0
0.0 0.0
0.0 0.0
0.0 0.0
0.0 0.0
0.0 0.0
0.0 8.567649274482392e-07
0.0 0.0
0.0 0.0
0.0 1.1922618341486668e-06
0.0 -4.720000561064808e-06
0.0 0.0
0.0 0.0
0.0 0.0
0.0 9.456660450268828e-07
0.0 0.0
0.0 0.0
0.0 0.0
0.0 0.0
0.0 0.0
0.0 0.0
0.0 0.0
0.0 0.0
0.0 0.0
0.0 0.0
0.0 0.0
0.0 0.0
0.0 0.0
0.0 0.0
0.0 0.0
0.0 0.0
0.0 0.0
0.0 0.0
0.0 9.994498668675078e-07
0.0 0.0
0.0 1.4263355296861846e-06
0.0 0.0
0.0 4.091754817636684e-06
0.0 -1.1558593087102054e-06
0.0 0.0
0.0 0.0
0.0 0.0
0.0 0.0
0.0 0.0
0.0 0.0
0.0 2.374191126364167e-06
0.0 0.0
0.0 -1.4939832908567041e-06
0.0 0.0
0.0 7.784451554471161e-06
0.0 0.0
0.0 0.0
0.0 0.0
0.0 0.0
0.0 0.0
0.0 0.0
0.0 0.0
0.0 0.0
0.0 -1.7055863281711936e-06
0.0 0.0
0.0 0.0
0.0 0.0
0.0 -1.7586667127034161e-06
0.0 0.0
0.0 0.0
0.0 0.0
0.0 0.0
0.0 0.0
0.0 0.0
0.0 0.0
0.0 0.0
0.0 0.0
0.0 0.0
0.0 -2.3311397399083944e-06
0.0 0.0
0.0 0.0
0.0 0.0
0.0 -9.471613111600163e-07
0.0 8.205524864024483e-07
0.0 4.058757895109011e-06
0.0 0.0
0.0 0.0
0.0 -1.9373583199921995e-06
0.0 -3.443685272941366e-06
0.0 0.0
0.0 3.5860659863828914e-06
0.0 0.0
0.0 3.0131800485833082e-06
0.0 0.0
0.0 0.0
0.0 0.0
0.0 -1.385804353049025e-06
0.0 0.0
0.0 0.0
0.0 0.0
0.0 0.0
0.0 0.0
0.0 0.0
0.0 0.0
0.0 0.0
0.0 0.0
0.0 -2.369697995163733e-06
0.0 7.153402293624822e-06
0.0 0.0
0.0 0.0
0.0 0.0
0.0 -8.305765391014575e-07
0.0 0.0
0.0 0.0
0.0 0.0
0.0 0.0
0.0 0.0
0.0 0.0
0.0 0.0
0.0 1.1924597629331402e-06
0.0 0.0
0.0 0.0
0.0 0.0
0.0 0.0
0.0 0.0
0.0 0.0
0.0 0.0
0.0 0.0
0.0 0.0
0.0 0.0
0.0 8.958089665611624e-07
0.0 0.0
0.0 0.0
0.0 0.0
0.0 1.1961292329942808e-06
0.0 6.255345851968741e-06
0.0 4.22401717514731e-06
0.0 1.1924993259526673e-06
0.0 0.0
0.0 0.0
0.0 0.0
0.0 0.0
0.0 0.0
0.0 0.0
0.0 0.0
0.0 0.0
0.0 1.1576127008083859e-06
0.0 0.0
0.0 0.0
0.0 0.0
0.0 1.1898421234946e-06
0.0 1.1769152479246259e-06
0.0 9.895393304759637e-07
0.0 0.0
0.0 0.0
0.0 0.0
0.0 -2.5248227757401764e-06
0.0 0.0
0.0 0.0
0.0 0.0
0.0 0.0
0.0 1.2165328371338546e-06
0.0 0.0
0.0 0.0
0.0 -1.3888388821214903e-06
0.0 0.0
0.0 0.0
0.0 0.0
0.0 0.0
0.0 0.0
0.0 0.0
0.0 0.0
0.0 0.0
0.0 0.0
0.0 -4.78749598187278e-06
0.0 1.1915843742826837e-06
0.0 7.2040115810523275e-06
0.0 0.0
0.0 0.0
0.0 -2.3103893909137696e-06
0.0 -9.997810366257909e-07
0.0 0.0
0.0 0.0
0.0 1.9365743355592713e-06
0.0 0.0
0.0 0.0
0.0 0.0
0.0 0.0
0.0 0.0
0.0 2.4272114842460724e-06
0.0 0.0
0.0 0.0
0.0 2.778718226181809e-06
0.0 0.0
0.0 -2.6460345452505862e-06
0.0 0.0
0.0 0.0
0.0 0.0
0.0 0.0
0.0 0.0
0.0 0.0
0.0 -2.4447178930131486e-06
0.0 2.3934469481901033e-06
0.0 0.0
0.0 0.0
0.0 0.0
0.0 -1.0121104878635379e-06
0.0 1.1728189974746783e-06
0.0 0.0
0.0 0.0
0.0 0.0
0.0 0.0
0.0 0.0
0.0 0.0
0.0 0.0
0.0 0.0
0.0 0.0
0.0 0.0
0.0 2.3740813048789278e-06
0.0 0.0
0.0 0.0
0.0 0.0
0.0 -1.3228052466729423e-06
0.0 0.0
0.0 0.0
0.0 0.0
0.0 0.0
0.0 0.0
0.0 0.0
0.0 0.0
0.0 1.193243519992393e-06
0.0 0.0
0.0 1.429641201866616e-06
0.0 0.0
0.0 0.0
0.0 0.0
0.0 0.0
0.0 0.0
0.0 -4.751860615215264e-06
0.0 0.0
0.0 0.0
0.0 0.0
0.0 0.0
0.0 1.4886983308315394e-06
0.0 0.0
0.0 -3.471874151728116e-06
0.0 0.0
0.0 1.2721932307613315e-06
0.0 -1.3802439298160607e-06
0.0 0.0
0.0 0.0
0.0 0.0
0.0 0.0
0.0 0.0
0.0 0.0
0.0 0.0
0.0 0.0
0.0 0.0
0.0 0.0
0.0 0.0
0.0 -3.0347214305948e-06
0.0 0.0
0.0 0.0
0.0 0.0
0.0 0.0
0.0 0.0
0.0 0.0
0.0 -1.2770951798302121e-06
0.0 0.0
0.0 0.0
0.0 0.0
0.0 0.0
0.0 1.7342360933980672e-06
0.0 0.0
0.0 2.3805857836123323e-06
0.0 1.6783792489150073e-06
0.0 -6.7839978328265715e-06
0.0 0.0
0.0 0.0
0.0 0.0
0.0 0.0
0.0 0.0
0.0 0.0
0.0 0.0
0.0 0.0
0.0 -1.2259876029929728e-06
0.0 0.0
0.0 -8.695995461494022e-07
0.0 1.0064843536383705e-06
0.0 0.0
0.0 0.0
0.0 0.0
0.0 0.0
0.0 0.0
0.0 0.0
0.0 -1.2644777598325163e-06
0.0 0.0
0.0 0.0
0.0 0.0
0.0 -1.1647202882159036e-06
0.0 1.0106753052241402e-06
0.0 0.0
0.0 0.0
0.0 1.1993266753052012e-06
0.0 9.95508116830024e-07
0.0 0.0
0.0 0.0
0.0 0.0
0.0 0.0
0.0 0.0
0.0 0.0
0.0 1.1730467122106347e-06
0.0 0.0
0.0 3.6726737562275957e-06
0.0 3.5679427128343377e-06
0.0 8.00197449279949e-06
0.0 0.0
0.0 0.0
0.0 1.3117212347424356e-06
0.0 0.0
0.0 0.0
0.0 0.0
0.0 0.0
0.0 0.0
0.0 0.0
0.0 -2.4308071715495316e-06
0.0 2.3852376216382254e-06
0.0 8.48771321670938e-07
0.0 -1.3974434978081263e-06
0.0 0.0
0.0 2.560894927228219e-06
0.0 -1.199457869915932e-06
0.0 0.0
0.0 0.0
0.0 0.0
0.0 0.0
0.0 0.0
0.0 0.0
0.0 0.0
0.0 0.0
0.0 0.0
0.0 -3.396048668946605e-06
0.0 1.2043283277307637e-06
0.0 0.0
0.0 0.0
0.0 0.0
0.0 0.0
0.0 0.0
0.0 -1.1820642384918756e-06
0.0 0.0
0.0 0.0
0.0 -1.2957942772118258e-06
0.0 0.0
0.0 -3.6217920751369093e-06
0.0 0.0
0.0 0.0
0.0 1.4171251905281679e-06
0.0 -1.206846263812622e-06
0.0 0.0
0.0 0.0
0.0 0.0
0.0 0.0
0.0 0.0
0.0 0.0
0.0 -8.372991260330309e-07
0.0 0.0
0.0 0.0
0.0 0.0
0.0 0.0
0.0 0.0
0.0 -4.7558928599755745e-06
0.0 0.0
0.0 -5.373619387682993e-06
0.0 0.0
0.0 0.0
0.0 -3.226376065867953e-06
0.0 -1.1376520205885754e-06
0.0 0.0
0.0 0.0
0.0 0.0
0.0 0.0
0.0 -1.2055303386659943e-06
0.0 2.390202553215204e-06
0.0 -1.2126819228797103e-06
0.0 -1.9903588963643415e-06
0.0 0.0
0.0 0.0
0.0 -2.3490374587709084e-06
0.0 0.0
0.0 0.0
0.0 0.0
0.0 0.0
0.0 0.0
0.0 0.0
0.0 -1.1881598993568332e-06
0.0 0.0
0.0 0.0
0.0 0.0
0.0 -1.1943493518629111e-06
0.0 2.375308440605295e-06
0.0 0.0
0.0 0.0
0.0 0.0
0.0 -2.381999365752563e-06
0.0 0.0
0.0 0.0
0.0 0.0
0.0 0.0
0.0 0.0
0.0 0.0
0.0 0.0
0.0 1.1902590131285251e-06
0.0 1.2462819540814962e-06
0.0 0.0
0.0 2.6360989977547433e-06
0.0 0.0
0.0 0.0
0.0 0.0
0.0 0.0
0.0 0.0
0.0 0.0
0.0 0.0
0.0 0.0
0.0 0.0
0.0 0.0
0.0 0.0
0.0 0.0
0.0 -2.3539057565358235e-06
0.0 -1.1692055750245345e-06
0.0 0.0
0.0 0.0
0.0 0.0
0.0 0.0
0.0 0.0
0.0 0.0
0.0 0.0
0.0 1.2086348988304962e-06
0.0 0.0
0.0 0.0
0.0 0.0
0.0 3.5047487472184002e-06
0.0 3.7897091260674642e-06
0.0 0.0
0.0 0.0
0.0 0.0
0.0 0.0
0.0 0.0
0.0 0.0
0.0 0.0
0.0 0.0
0.0 0.0
0.0 1.1695058219629573e-06
0.0 1.4554522067555808e-06
0.0 0.0
0.0 1.3222334018792026e-06
0.0 2.385928382864222e-06
0.0 0.0
0.0 0.0
0.0 0.0
0.0 0.0
0.0 1.2182628097434645e-06
0.0 -9.85575866252475e-07
0.0 -1.207916284329258e-06
0.0 0.0
0.0 -9.856406677499763e-07
0.0 -3.89997148886323e-06
0.0 -1.2136595159972785e-06
0.0 -1.2164286999905016e-06
0.0 -1.1537554200913291e-06
0.0 0.0
0.0 0.0
0.0 0.0
0.0 0.0
0.0 0.0
0.0 0.0
0.0 0.0
0.0 0.0
0.0 0.0
0.0 0.0
0.0 0.0
0.0 0.0
0.0 0.0
0.0 0.0
0.0 0.0
0.0 0.0
0.0 0.0
0.0 -2.3977229375304887e-06
0.0 0.0
0.0 -1.1842674894069205e-06
0.0 8.821472874842584e-06
0.0 0.0
0.0 0.0
0.0 -4.75702427138458e-06
0.0 0.0
0.0 1.186827034871385e-06
0.0 0.0
0.0 0.0
0.0 0.0
0.0 0.0
0.0 -1.0937941397060058e-06
0.0 0.0
0.0 1.427621782568167e-06
0.0 1.1642558774838108e-06
0.0 0.0
0.0 3.9454766920243856e-06
0.0 0.0
0.0 0.0
0.0 0.0
0.0 2.497679133739439e-06
0.0 0.0
0.0 -1.326105461885163e-06
0.0 1.1935401289520087e-06
0.0 0.0
0.0 -1.991870476558688e-06
0.0 0.0
0.0 -1.269046038032684e-06
0.0 -1.1810250271082623e-06
0.0 0.0
0.0 0.0
0.0 -2.3830573354644002e-06
0.0 1.2718685411527986e-06
0.0 -1.183057634079887e-06
0.0 -1.1892094562426792e-06
0.0 1.1924882983294083e-06
0.0 -1.1654087757051457e-06
0.0 0.0
0.0 0.0
0.0 0.0
0.0 0.0
0.0 0.0
0.0 0.0
0.0 2.337674004593282e-06
0.0 -1.1856678838739754e-06
0.0 0.0
0.0 8.890324920685089e-07
0.0 1.2210832665005e-06
0.0 0.0
0.0 0.0
0.0 -1.2827460977860028e-06
0.0 0.0
0.0 0.0
0.0 0.0
0.0 0.0
0.0 0.0
0.0 0.0
0.0 0.0
0.0 0.0
0.0 0.0
0.0 2.523275952626136e-06
0.0 0.0
0.0 -1.1773372534662485e-06
0.0 -1.3782656651528669e-06
0.0 -1.1891892199855647e-06
0.0 0.0
0.0 3.586377260944573e-06
0.0 -2.380350224484573e-06
0.0 1.213481255035731e-06
0.0 0.0
0.0 0.0
0.0 0.0
0.0 0.0
0.0 0.0
0.0 3.533459675963968e-06
0.0 3.576020844775485e-06
0.0 -1.142798623732233e-06
0.0 0.0
0.0 -3.85979956263327e-06
0.0 0.0
0.0 -1.1898418961209245e-06
0.0 0.0
0.0 0.0
0.0 0.0
0.0 0.0
0.0 0.0
0.0 0.0
0.0 -4.778696620633127e-06
0.0 1.264113620891294e-06
0.0 2.023547494900413e-06
0.0 1.3052888334641466e-06
0.0 0.0
0.0 -2.3808263449609512e-06
0.0 0.0
0.0 1.1538760418261518e-06
0.23818448144120388 0.7596950531005859
0.2278238971983907 0.1088193729519844
0.2317959979048066 0.18606345355510712
0.17233103988057358 0.060417499393224716
0.13794208922026607 -0.031018532812595367
0.009833038543399899 -1.0440584421157837
0.007072995805769275 -0.9712603688240051
0.11411985043316537 -0.930878221988678
0.1883705866854438 0.22162914276123047
0.12680423394727713 0.2011079043149948
0.006889375571044289 -1.052579402923584
0.004144605300951381 -0.6401759386062622
0.16605544886452483 0.4631521999835968
0.05194799946501983 0.32105937600135803
0.005520942933846296 -0.7061123251914978
0.001110164060063528 -0.496695876121521
0.014410977451487287 -0.5143784880638123
0.004130683754458671 -0.3952368497848511
0.2109211366312797 0.7459986805915833
0.1483424286608426 0.23400923609733582
0.009436527699571753 -0.8430891036987305
0.0018597197144932984 -0.5949972867965698
0.002330593089394367 -0.4744521975517273
0.003324041910623705 -0.3499738276004791
0.0019777842579776885 -0.26133018732070923
0.002412917164269575 -0.2735283076763153
0.0009042995485971008 -0.2520935833454132
0.0 0.0
0.0002852453222599418 0.0021120829042047262
3.635368279157662e-05 -0.00037596074980683625
0.00014701043085948735 -0.0011859773658216
3.929978402936792e-05 -0.00026450137374922633
0.0 0.0
0.0 1.0282421499141492e-05
0.0 0.0
0.0 0.0
0.0 0.0
0.0 0.0
0.0 0.0
0.0 0.0
0.0 0.0
0.0 0.0
0.0 0.0
0.0 0.0
0.0 4.772512966155773e-06
0.0 0.0
0.0 0.0
0.0 0.0
0.0 0.0
0.0 0.0
0.0 0.0
0.0 0.0
0.0 0.0
0.0 0.0
0.0 0.0
0.0 0.0
0.0 0.0
0.0 0.0
0.0 0.0
0.0 0.0
0.0 -5.170967597223353e-06
0.0 0.0
0.0 0.0
0.0 0.0
0.0 0.0
0.0 0.0
0.0 0.0
0.0 0.0
0.0 -2.319135091966018e-06
0.0 0.0
0.0 0.0
0.0 0.0
0.0 2.3770267034706194e-06
0.0 3.973601451434661e-06
0.0 0.0
0.0 0.0
0.0 0.0
0.0 0.0
0.0 0.0
0.0 0.0
0.0 0.0
0.0 -1.655025698710233e-06
0.0 0.0
0.0 0.0
0.0 0.0
0.0 0.0
0.0 0.0
0.0 0.0
0.0 0.0
0.0 0.0
0.0 0.0
0.0 0.0
0.0 0.0
0.0 0.0
0.0 0.0
0.0 0.0
0.0 -1.1767160685849376e-06
0.0 0.0
0.0 0.0
0.0 0.0
0.0 0.0
0.0 0.0
0.0 0.0
0.0 0.0
0.0 0.0
0.0 0.0
0.0 0.0
0.0 0.0
0.0 0.0
0.0 0.0
0.0 0.0
0.0 0.0
0.0 0.0
0.0 0.0
0.0 0.0
0.0 0.0
0.0 -3.890097559633432e-06
0.0 0.0
0.0 0.0
0.0 0.0
0.0 0.0
0.0 0.0
0.0 0.0
0.0 0.0
0.0 -4.754954261443345e-06
0.0 0.0
0.0 0.0
0.0 0.0
0.0 -4.746216745843412e-06
0.0 0.0
0.0 0.0
0.0 0.0
0.0 0.0
0.0 0.0
0.0 0.0
0.0 0.0
0.0 0.0
0.0 -1.2022020428048563e-06
0.0 9.923711559167714e-07
0.0 0.0
0.21880564658304824 0.07066920399665833
0.17955453288431014 -0.0026855594478547573
0.13893879542713647 0.07995378226041794
0.0015504872079983997 -0.011594515293836594
0.00012450798405163778 -0.0008571595535613596
2.1343311498634065e-05 0.00015272028394974768
0.0001850024911330284 0.0013657959643751383
4.825890173015513e-05 -0.00037770491326227784
0.0 0.0
0.0 -1.2137974181314348e-06
0.0 0.0
0.0 0.0
0.0 -1.2776413313986268e-06
0.0 0.0
0.0 0.0
0.0 0.0
0.0 0.0
0.0 0.0
0.0 0.0
0.0 0.0
0.0 -4.808160610991763e-06
0.0 0.0
0.0 9.049495929502882e-06
0.0 0.0
0.0 0.0
0.0 0.0
0.0 0.0
0.0 0.0
0.0 0.0
0.0 0.0
0.0 0.0
0.0 4.30651107308222e-06
0.0 -1.2038038903483539e-06
0.0 0.0
0.0 0.0
0.0 0.0
0.0 1.309793901782541e-06
0.0 0.0
0.0 0.0
0.0 0.0
0.0 0.0
0.0 0.0
0.0 0.0
0.0 0.0
0.0 0.0
0.0 0.0
0.0 0.0
0.0 -8.858056048666185e-07
0.0 0.0
0.0 -3.510185706545599e-06
0.0 1.202305043079832e-06
0.0 0.0
0.0 0.0
0.0 0.0
0.0 -2.6596667339617852e-06
0.0 -5.072067779110512e-06
0.0 0.0
0.0 0.0
0.0 5.870970653631957e-06
0.0 0.0
0.0 0.0
0.0 -1.179463538392156e-06
0.0 4.768045982928015e-06
0.0 1.6762045333962305e-06
0.0 0.0
0.0 0.0
0.0 0.0
0.0 0.0
0.0 0.0
0.0 0.0
0.0 0.0
0.0 0.0
0.0 0.0
0.0 0.0
0.0 9.773673355084611e-07
0.0 0.0
0.0 0.0
0.0 0.0
0.0 0.0
0.0 0.0
0.0 0.0
0.0 0.0
0.0 0.0
0.0 0.0
0.0 0.0
0.0 0.0
0.0 -4.646891738957493e-06
0.0 0.0
0.0 0.0
0.0 0.0
0.0 0.0
0.0 0.0
0.0 0.0
0.0 0.0
0.0 0.0
0.0 0.0
0.0 0.0
0.0 0.0
0.0 -5.917114322073758e-06
0.0 0.0
0.0 0.0
0.0 -1.1893298506038263e-06
0.0 0.0
0.0 0.0
0.0 0.0
0.0 0.0
0.0 0.0
0.0 0.0
0.0 0.0
0.0 0.0
0.0 0.0
0.0 0.0
0.0 0.0
0.0 -1.4453920812229626e-05
0.0 0.0
0.0 0.0
0.0 0.0
0.0 -1.1712543710018508e-05
0.0 0.0
0.0 0.0
0.0 0.0
0.0 2.4334462978004012e-06
0.0 0.0
0.0 0.0
0.0 0.0
0.0 0.0
0.0 0.0
0.0 0.0
0.0 0.0
0.0 0.0
0.0 0.0
0.0 0.0
0.0 -8.792604262453096e-07
0.0 0.0
0.0 0.0
0.0 0.0
0.0 0.0
0.0 0.0
0.0 0.0
0.0 0.0
0.0 0.0
0.0 0.0
0.0 0.0
0.0 0.0
0.0 0.0
0.0 -4.765553512697807e-06
0.0 0.0
0.0 0.0
0.0 0.0
0.0 0.0
0.0 0.0
0.0 0.0
0.0 0.0
0.0 0.0
0.0 0.0
0.0 0.0
0.0 0.0
0.0 0.0
0.0 0.0
0.0 0.0
0.0 1.828749077503744e-06
0.0 0.0
0.0 0.0
0.0 0.0
0.0 0.0
0.0 0.0
0.0 0.0
0.0 -1.2242395541761653e-06
0.0 0.0
0.0 0.0
0.0 0.0
0.0 0.0
0.0 0.0
0.0 0.0
0.0 0.0
0.0 0.0
0.0 9.083058216674544e-07
0.0 0.0
0.0 0.0
0.0 0.0
0.0 0.0
0.0 0.0
0.0 0.0
0.0 -1.1858809330078657e-06
0.0 0.0
0.0 1.1630448852884001e-06
0.0 0.0
0.0 0.0
0.0 0.0
0.0 0.0
0.0 0.0
0.0 0.0
0.0 0.0
0.0 0.0
0.0 0.0
0.0 0.0
0.0 0.0
0.0 0.0
0.0 0.0
0.0 0.0
0.0 0.0
0.0 -1.1927572813874576e-06
0.0 0.0
0.0 0.0
0.0 0.0
0.0 0.0
0.0 0.0
0.0 0.0
0.0 0.0
0.0 0.0
0.0 0.0
0.0 0.0
0.0 0.0
0.0 0.0
0.0 0.0
0.0 0.0
0.0 0.0
0.0 0.0
0.0 0.0
0.0 0.0
0.0 0.0
0.0 0.0
0.0 0.0
0.0 4.0382719816989265e-06
0.0 0.0
0.0 0.0
0.0 0.0
0.0 0.0
0.0 0.0
0.0 0.0
0.0 0.0
0.0 0.0
0.0 5.924914603383513e-06
0.0 0.0
0.0 0.0
0.0 0.0
0.0 0.0
0.0 0.0
0.0 0.0
0.0 0.0
0.0 0.0
0.0 0.0
0.0 0.0
0.0 0.0
0.0 -1.019867522700224e-05
0.0 0.0
0.0 3.886307240463793e-06
0.0 0.0
0.0 0.0
0.0 0.0
0.0 0.0
0.0 -2.6125319436687278e-06
0.0 0.0
0.0 0.0
0.0 0.0
0.0 0.0
0.0 0.0
0.0 0.0
0.0 0.0
0.0 0.0
0.0 0.0
0.0 0.0
0.0 0.0
0.0 0.0
0.0 0.0
0.0 -3.78559525415767e-06
0.0 -2.3336535832640948e-06
0.0 4.4696289478451945e-06
0.0 0.0
0.0 5.926492121943738e-06
0.0 0.0
0.0 0.0
0.0 0.0
0.0 0.0
0.0 0.0
0.0 0.0
0.0 0.0
0.0 0.0
0.0 0.0
0.0 0.0
0.0 0.0
0.0 0.0
0.0 0.0
0.0 0.0
0.0 0.0
0.0 0.0
0.0 0.0
0.0 0.0
0.0 0.0
0.0 0.0
0.0 0.0
0.0 0.0
0.0 0.0
0.0 2.6427751436131075e-06
0.0 0.0
0.0 0.0
0.0 0.0
0.0 0.0
0.0 0.0
0.0 0.0
0.0 0.0
0.0 0.0
0.0 0.0
0.0 0.0
0.0 0.0
0.0 0.0
0.0 0.0
0.0 0.0
0.0 0.0
0.0 0.0
0.0 -2.386779442531406e-06
0.0 0.0
0.0 1.1887253776876605e-06
0.0 0.0
0.0 0.0
0.0 0.0
0.0 0.0
0.0 0.0
0.0 0.0
0.0 0.0
0.0 0.0
0.0 0.0
0.0 0.0
0.0 0.0
0.0 0.0
0.0 0.0
0.0 1.2876466826128308e-06
0.0 0.0
0.0 0.0
0.0 -1.0278442914568586e-06
0.0 0.0
0.0 0.0
0.0 0.0
0.0 0.0
0.0 0.0
0.0 0.0
0.0 0.0
0.0 0.0
0.0 5.399636393121909e-06
0.0 1.4898614608682692e-06
0.0 0.0
0.0 0.0
0.0 0.0
0.0 0.0
0.0 0.0
0.0 0.0
0.0 0.0
0.0 0.0
0.0 0.0
0.0 0.0
0.0 0.0
0.0 0.0
0.0 0.0
0.0 1.1669170589811984e-06
0.0 0.0
0.0 0.0
0.0 0.0
0.0 0.0
0.0 0.0
0.0 0.0
0.0 0.0
0.0 0.0
0.0 0.0
0.0 0.0
0.0 0.0
0.0 0.0
0.0 5.961032911727671e-06
0.0 0.0
0.0 2.3859552129579242e-06
0.0 0.0
0.0 4.544058811006835e-06
0.0 8.132810762617737e-06
0.0 0.0
0.0 0.0
0.0 0.0
0.0 0.0
0.0 1.2094747035007458e-06
0.0 0.0
0.0 0.0
0.0 0.0
0.0 0.0
0.0 0.0
0.0 0.0
0.0 0.0
0.0 0.0
0.0 0.0
0.0 0.0
0.0 0.0
0.0 0.0
0.0 0.0
0.0 0.0
0.0 0.0
0.0 0.0
0.0 0.0
0.0 -1.1902170626854058e-06
0.0 0.0
0.0 -1.1709734053511056e-06
0.0 0.0
0.0 0.0
0.0 0.0
0.0 0.0
0.2700785973217007 -0.13793911039829254
0.21945361758719456 0.01871446892619133
0.24510887202879947 0.35802724957466125
0.21353551215448344 0.11900410801172256
0.15592021666376354 0.10734988749027252
1.9121982319167688e-05 -0.2571365535259247
0.005871115013003086 -0.27400171756744385
0.0 0.0
0.00016139668920342844 0.0011947951279580593
2.132685531275153e-05 -0.00014902571274433285
0.0001549623279028421 0.0011668928200379014
7.632436053369427e-05 0.0005722377100028098
0.0 0.0
0.0 0.0
0.0 0.0
0.0 0.0
0.0 0.0
0.0 0.0
0.0 0.0
0.0 0.0
0.0 0.0
0.0 0.0
0.0 0.0
0.0 -7.408708029288391e-07
0.0 0.0
0.0 0.0
0.0 0.0
0.0 0.0
0.0 0.0
0.0 0.0
0.0 0.0
0.0 0.0
0.0 0.0
0.0 0.0
0.0 0.0
0.0 0.0
0.0 0.0
0.0 0.0
0.0 2.9870454909541877e-06
0.0 -8.950848950917134e-07
0.0 3.6079379697184777e-06
0.0 1.1463313285275945e-06
0.0 0.0
0.0 0.0
0.0 0.0
0.0 0.0
0.0 0.0
0.0 8.515337867720518e-06
0.0 0.0
0.0 -1.1897794820470153e-06
0.0 0.0
0.0 0.0
0.0 0.0
0.0 0.0
0.0 -4.1671110011520796e-06
0.0 1.7912499288286199e-06
0.0 4.01693341700593e-06
0.0 0.0
0.0 0.0
0.0 0.0
0.0 0.0
0.0 0.0
0.0 0.0
0.0 0.0
0.0 0.0
0.0 1.193258185594459e-06
0.0 0.0
0.0 0.0
0.0 0.0
0.0 0.0
0.0 0.0
0.0 0.0
0.0 0.0
0.0 0.0
0.0 0.0
0.0 0.0
0.0 0.0
0.0 2.3446689283446176e-06
0.0 1.045377939590253e-05
0.0 2.6205759695585584e-06
0.0 0.0
0.0 0.0
0.0 0.0
0.0 0.0
0.0 -7.367109901679214e-06
0.0 0.0
0.0 0.0
0.0 0.0
0.0 0.0
0.0 0.0
0.0 0.0
0.0 0.0
0.0 -2.376508291490609e-06
0.0 0.0
0.0 0.0
0.0 1.1680539273584145e-06
0.0 0.0
0.0 0.0
0.0 0.0
0.0 0.0
0.0 0.0
0.0 0.0
0.0 0.0
0.0 0.0
0.0 0.0
0.0 1.1893740747837e-06
0.0 0.0
0.0 1.2152986528235488e-06
0.0 0.0
0.0 0.0
0.0 0.0
0.0 0.0
0.0 0.0
0.0 0.0
0.0 0.0
0.0 0.0
0.0 0.0
0.0 0.0
0.0 -1.1715362688846653e-06
0.0 0.0
0.0 0.0
0.0 1.20971151318372e-06
0.0 0.0
0.0 0.0
0.0 0.0
0.0 0.0
0.0 0.0
0.0 0.0
0.0 0.0
0.0 0.0
0.0 0.0
0.0 0.0
0.0 0.0
0.0 0.0
0.0 0.0
0.0 0.0
0.0 0.0
0.0 0.0
0.0 0.0
0.0 0.0
0.0 -6.1080927480361424e-06
0.0 0.0
0.0 0.0
0.0 0.0
0.0 0.0
0.0 0.0
0.0 0.0
0.0 0.0
0.0 0.0
0.0 -1.198247787215223e-06
0.0 0.0
0.0 -1.1879139947268413e-06
0.0 0.0
0.0 0.0
0.0 0.0
0.0 0.0
0.0 0.0
0.0 1.1953667353736819e-06
0.0 0.0
0.0 -1.0054667654912919e-05
0.0 0.0
0.0 0.0
0.0 0.0
0.0 0.0
0.0 9.685160193839693e-07
0.0 0.0
0.0 1.3519448884835583e-06
0.0 0.0
0.0 0.0
0.0 -1.1996449984508217e-06
0.0 0.0
0.0 0.0
0.0 0.0
0.0 0.0
0.0 0.0
0.0 0.0
0.0 0.0
0.0 0.0
0.0 0.0
0.0 -1.1875691825480317e-06
0.0 -9.582716984368744e-07
0.0 1.1521829037519637e-06
0.0 0.0
0.0 0.0
0.0 0.0
0.0 0.0
0.0 0.0
0.0 0.0
0.0 0.0
0.0 0.0
0.0 0.0
0.0 0.0
0.0 9.473232012169319e-07
0.0 0.0
0.0 0.0
0.0 -5.955706910754088e-06
0.0 9.07023513718741e-06
0.0 0.0
0.0 0.0
0.0 0.0
0.0 8.764094445723458e-07
0.0 0.0
0.0 0.0
0.0 0.0
0.0 0.0
0.0 -8.545520358893555e-06
0.0 0.0
0.0 -4.750026164401788e-06
0.0 0.0
0.0 1.0450266927364282e-05
0.0 0.0
0.0 0.0
0.0 0.0
0.0 0.0
0.0 0.0
0.0 0.0
0.0 0.0
0.0 0.0
0.0 0.0
0.0 0.0
0.0 0.0
0.0 0.0
0.0 0.0
0.0 0.0
0.0 0.0
0.0 0.0
0.0 0.0
0.0 0.0
0.0 0.0
0.0 0.0
0.0 0.0
0.0 0.0
0.0 -3.9043679862516e-06
0.0 3.471617219474865e-06
0.0 4.152409928792622e-06
0.0 -1.1944699735977338e-06
0.0 0.0
0.0 0.0
0.0 0.0
0.0 0.0
0.0 0.0
0.0 0.0
0.0 1.1643995776466909e-06
0.0 0.0
0.0 0.0
0.0 0.0
0.0 0.0
0.0 -3.64987613465928e-06
0.0 7.031826498860028e-06
0.0 0.0
0.0 0.0
0.0 0.0
0.0 0.0
0.0 0.0
0.0 0.0
0.0 0.0
0.0 0.0
0.0 0.0
0.0 0.0
0.0 0.0
0.0 0.0
0.0 0.0
0.0 0.0
0.0 0.0
0.0 0.0
0.0 0.0
0.0 0.0
0.0 0.0
0.0 0.0
0.0 0.0
0.0 0.0
0.0 0.0
0.0 0.0
0.0 8.583032240494504e-07
0.0 6.099007805460133e-06
0.0 0.0
0.0 -3.560891855158843e-06
0.0 -6.002181180519983e-06
0.0 0.0
0.0 0.0
0.0 0.0
0.0 0.0
0.0 0.0
0.0 1.4155726830722415e-06
0.0 2.6225693545711692e-06
0.0 1.0092692264151992e-06
0.0 0.0
0.0 0.0
0.0 0.0
0.0 0.0
0.0 -1.4192472690410796e-06
0.0 0.0
0.0 -2.37945869230316e-06
0.0 0.0
0.0 0.0
0.0 0.0
0.0 0.0
0.0 0.0
0.0 0.0
0.0 0.0
0.0 7.0904889071243815e-06
0.0 2.3764946490700822e-06
0.0 0.0
0.0 0.0
0.0 -1.1878555596922524e-06
0.0 0.0
0.0 0.0
0.0 0.0
0.0 0.0
0.0 0.0
0.008779349308606034 0.9806745052337646
0.06748130592188327 0.9511532783508301
0.21824595389155343 0.8129135966300964
0.19334242727549442 0.8309534192085266
0.18912481654087945 0.750076413154602
0.21388776763107686 0.5659131407737732
0.26116562921475595 0.27599990367889404
0.19719002484046405 0.22120660543441772
0.12966536574094079 0.15227989852428436
0.007230108479122977 1.1279433965682983
0.004413100702066953 1.0017571449279785
0.004741012296557528 1.0142008066177368
0.0028232549978045845 0.7899273037910461
4.8072182771920445e-05 0.6007552742958069
0.003998567321138806 0.4568868577480316
0.0017899281060284452 0.3006937801837921
0.0023300307306213445 0.28398096561431885
0.0017797766406402158 0.25172558426856995
0.0 0.0
0.0001183465945235451 0.0008463854901492596
9.29882161900504e-05 0.0007644937722943723
0.00015280875877533083 0.001134290941990912
0.00011048769123402929 0.0007879403419792652
0.0 0.0
0.0 0.0
0.0 0.0
0.0 -6.621507054660469e-06
0.0 0.0
0.0 0.0
0.0 0.0
0.0 0.0
0.0 9.922046046995092e-07
0.0 0.0
0.0 0.0
0.0 -1.3017142919125035e-06
0.0 -9.65708522926434e-07
0.0 -8.849472692418203e-07
0.0 0.0
0.0 -2.3837380922486773e-06
0.0 0.0
0.0 0.0
0.0 0.0
0.0 0.0
0.0 0.0
0.0 0.0
9.490775329669819e-05 -0.0007212550262920558
0.0001146778564572485 -0.0008773436420597136
0.0 0.0
0.0 0.0
0.0 0.0
0.0 2.272859319418785e-06
0.0 0.0
0.0 0.0
0.0 0.0
0.0 -1.3247795322968159e-06
0.0 3.586181264836341e-06
0.0 0.0
0.0 0.0
0.0 0.0
0.0 -1.4906953538229573e-06
0.0 0.0
0.0 0.0
0.0 -1.2709541579170036e-06
0.0 1.3920453056925908e-06
0.0 0.0
0.0 -9.975869943446014e-07
0.0 0.0
0.0 0.0
0.0 1.2020401527479407e-06
0.0 -1.1899204537257901e-06
0.0 -4.8708857320889365e-06
0.0 0.0
0.0 0.0
0.0 2.3282361780729843e-06
0.0 -2.352653837078833e-06
0.0 0.0
0.0 0.0
0.0 0.0
0.0 -2.302237135154428e-06
0.0 0.0
0.0 0.0
0.0 0.0
0.0 0.0
0.0 0.0
0.0 0.0
0.0 0.0
0.0 0.0
0.0 0.0
0.0 0.0
0.0 0.0
0.0 7.537011697422713e-06
0.0 -4.162443474342581e-06
0.0 0.0
0.0 0.0
0.0 0.0
0.0 0.0
0.0 0.0
0.0 0.0
0.0 1.213644168274186e-06
0.0 1.1663358918667655e-06
0.0 0.0
0.0 0.0
0.0 1.0851770184672205e-06
0.0 0.0
0.0 0.0
0.0 1.172251927528123e-06
0.0 -3.5662924346979707e-06
0.0 0.0
0.0 0.0
0.0 0.0
0.0 0.0
0.0 0.0
0.0 0.0
0.0 0.0
0.0 0.0
0.0 0.0
0.0 1.2090899872418959e-06
0.0 2.274626922371681e-06
0.0 0.0
0.0 0.0
0.0 0.0
0.0 1.0179377341046347e-06
0.0 -3.5786231364909327e-06
0.0 3.054197577512241e-06
0.0 0.0
0.0 0.0
0.0 2.385774450885947e-06
0.0 -2.9750490284641273e-06
0.0 -2.3449176751455525e-06
0.0 0.0
0.0 -3.579542635634425e-06
0.0 2.790469807223417e-06
0.0 0.0
0.0 0.0
0.0 2.3371624138235347e-06
0.0 -1.3534427125705406e-06
0.0 0.0
0.0 0.0
0.0 0.0
0.0 0.0
0.0 0.0
0.0 0.0
0.0 0.0
0.0 0.0
0.0 -1.201135091832839e-06
0.0 0.0
0.0 -3.8051553019613493e-06
0.0 0.0
0.0 0.0
0.0 3.0322566999529954e-06
0.0 -3.574931724870112e-06
0.0 0.0
0.0 0.0
0.0 0.0
0.0 0.0
0.0 0.0
0.0 0.0
0.0 0.0
0.0 0.0
0.0 -1.4195259154803352e-06
0.0 1.1769682259910041e-06
0.0 2.8620604552997975e-06
0.0 -1.148547426055302e-06
0.0 2.724605565163074e-06
0.0 0.0
0.0 0.0
0.0 0.0
0.0 0.0
0.0 0.0
0.0 0.0
0.0 0.0
0.0 -1.4902313978382153e-06
0.0 1.1894956060132245e-06
0.0 0.0
0.0 -1.232935346706654e-06
0.0 0.0
0.0 0.0
0.0 0.0
0.0 0.0
0.0 0.0
0.0 0.0
0.0 0.0
0.0 0.0
0.0 0.0
0.0 0.0
0.0 0.0
0.0 -1.1970513469350408e-06
0.0 -2.839139824573067e-06
0.0 -1.173552618638496e-06
0.0 -1.914188942464534e-06
0.0 0.0
0.0 0.0
0.0 0.0
0.0 0.0
0.0 -1.1764768714783713e-06
0.0 0.0
0.0 0.0
0.0 0.0
0.0 -5.984579729556572e-06
0.0 0.0
0.0 0.0
0.0 3.6176513731334126e-06
0.0 2.4489161205565324e-06
0.0 0.0
0.0 -3.6354290386952925e-06
0.0 1.633791498534265e-06
0.0 -2.362489340157481e-06
0.0 0.0
0.0 0.0
0.0 0.0
0.0 0.0
0.0 0.0
0.0 1.2190380402898882e-06
0.0 0.0
0.0 0.0
0.0 0.0
0.0 0.0
0.0 -2.871256583603099e-06
0.0 9.33474802877754e-06
0.0 2.679969838936813e-06
0.0 0.0
0.0 0.0
0.0 0.0
0.0 0.0
0.0 0.0
0.0 0.0
0.0 3.5626424050860805e-06
0.0 0.0
0.0 -4.377545337774791e-06
0.0 1.1697862873916165e-06
0.0 0.0
0.0 0.0
0.0 0.0
0.0 0.0
0.0 0.0
0.0 0.0
0.0 0.0
0.0 0.0
0.0 0.0
0.0 0.0
0.0 0.0
0.0 0.0
0.0 0.0
0.0 0.0
0.0 -1.1931131211895263e-06
0.0 0.0
0.0 2.303478595422348e-06
0.0 0.0
0.0 0.0
0.0 0.0
0.0 0.0
0.0 0.0
0.0 0.0
0.0 0.0
0.0 5.155175585969118e-06
0.0 0.0
0.0 0.0
0.0 6.184930953168077e-06
0.0 -6.323829893517541e-06
0.0 0.0
0.0 0.0
0.0 -3.2708662729419302e-06
0.0 0.0
0.0 0.0
0.0 2.827269781846553e-06
0.0 7.68429981690133e-06
0.0 3.5651446523843333e-06
0.0 0.0
0.0 0.0
0.0 -1.19248920782411e-06
0.0 0.0
0.0 0.0
0.0 -1.1943965319005656e-06
0.0 3.7023039567429805e-06
0.0 3.5664852475747466e-06
0.0 0.0
0.0 0.0
0.0 0.0
0.0 0.0
0.0 0.0
0.0 0.0
0.0 0.0
0.0 0.0
0.0 -1.497157313679054e-06
0.0 -4.7406847443198785e-06
0.0 0.0
0.0 1.2411252328092814e-06
0.0 -1.39341454996611e-06
0.0 7.138799446693156e-06
0.0 1.6490746475028573e-06
0.0 0.0
0.0 0.0
0.0 0.0
0.0 0.0
0.0 -6.010261131450534e-06
0.0 1.188238798022212e-06
0.0 0.0
0.0 0.0
0.0 0.0
0.0 1.4252434539230308e-06
0.0 0.0
0.0 0.0
0.0 -4.6532727537851315e-06
0.0 0.0
0.0 0.0
0.0 0.0
0.0 0.0
0.0 0.0
0.0 0.0
0.0 1.2130333288951078e-06
0.0 0.0
0.0 2.9818163511663442e-06
0.0 0.0
0.0 0.0
0.0 6.208922968653496e-06
0.0 0.0
0.0 0.0
0.0 3.3091030218201922e-06
0.0 0.0
0.0 0.0
0.0 0.0
0.0 0.0
0.0 0.0
0.0 0.0
0.0 0.0
0.0 8.75713158166036e-06
0.0 0.0
0.0 1.4200753639670438e-06
0.0 1.1886866104759974e-06
0.0 -1.218083752974053e-06
0.0 -1.1703107247740263e-06
0.0 5.4109145821712445e-06
0.0 0.0
0.0 0.0
0.0 5.892016361030983e-06
0.0 0.0
0.0 0.0
0.0 -8.914849445318396e-07
0.0 0.0
0.0 -1.4205405705070007e-06
0.0 1.2164074405518477e-06
0.0 0.0
0.0 -1.2489178971009096e-06
0.0 0.0
0.0 0.0
0.0 6.504049451905303e-06
0.0 0.0
0.0 0.0
0.0 0.0
0.0 0.0
0.0 0.0
0.0 0.0
0.0 -3.656788749140105e-06
0.0 3.459100298641715e-06
0.0 0.0
0.0 0.0
0.0 -3.580733846320072e-06
0.0 0.0
0.0 8.394620181206847e-07
0.0 0.0
0.0 0.0
0.0 -3.419449740249547e-06
0.0 0.0
0.0 0.0
0.0 0.0
0.0 0.0
0.0 0.0
0.0 2.9744187486357987e-06
0.0 0.0
0.0 -9.480796734351316e-07
0.0 0.0
0.0 0.0
0.0 0.0
0.0 9.963055163098034e-07
0.0 0.0
0.0 -1.24045118354843e-06
0.0 0.0
0.0 0.0
0.0 0.0
0.0 -5.937343303230591e-06
0.0 0.0
0.0 0.0
0.0 -3.574074526113691e-06
0.0 0.0
0.0 0.0
0.0 0.0
0.0 8.439987482233846e-07
0.0 0.0
0.0 8.351532414963003e-06
0.0 0.0
0.0 0.0
0.0 0.0
0.0 0.0
0.0 0.0
0.0 -2.575171038188273e-06
0.0 0.0
0.0 0.0
0.0 -1.1856657238240587e-06
0.0 0.0
0.0 0.0
0.0 0.0
0.0 0.0
0.0 0.0
0.0 0.0
0.0 0.0
0.0 0.0
0.0 0.0
0.0 0.0
0.0 1.2142760397182428e-06
0.0 -3.577163397494587e-06
0.0 0.0
0.0 -2.784778871500748e-06
0.0 0.0
0.0 3.871707576763583e-06
0.0 4.018418167106574e-06
0.0 0.0
0.0 0.0
0.0 0.0
0.0 0.0
0.0 0.0
0.0 0.0
0.0 0.0
0.0 0.0
0.0 0.0
0.0 1.1697489981088438e-06
0.0 1.9319443254062207e-06
0.0 8.931414186008624e-07
0.0 0.0
0.0 0.0
0.0 0.0
0.0 0.0
0.0 0.0
0.0 0.0
0.0 0.0
0.0 0.0
0.0 -9.84348275778757e-07
0.0 0.0
0.0 1.1896621572304866e-06
0.0 -4.1286161831521895e-06
0.0 -2.9046186682535335e-06
0.0 -1.2179110626675538e-06
0.0 0.0
0.0 1.173679606836231e-06
0.0 0.0
0.0 0.0
0.0 0.0
0.0 -6.258306257223012e-06
0.0 1.1887908613061882e-06
0.0 0.0
0.0 0.0
0.0 4.698631983046653e-06
0.0 0.0
0.0 0.0
0.0 0.0
0.0 0.0
0.0 0.0
0.0 0.0
0.0 1.3205367395130452e-06
0.0 0.0
0.0 0.0
0.0 0.0
0.0 0.0
0.0 0.0
0.0 0.0
0.0 0.0
0.0 0.0
0.0 8.602233947385685e-07
0.0 0.0
0.0 0.0
0.0 0.0
0.0 0.0
0.0 0.0
0.0 0.0
0.0 0.0
0.0 0.0
0.0 0.0
0.0 0.0
0.0 0.0
0.0 0.0
0.0 0.0
0.0 0.0
0.0 -1.1918644986508298e-06
0.0 0.0
0.0 0.0
0.0 0.0
0.0 0.0
0.0 0.0
0.0 0.0
0.0 0.0
0.0 0.0
0.0 0.0
0.0 0.0
0.0 0.0
0.0 0.0
0.0 0.0
0.0 0.0
0.0 0.0
0.0 -2.581256012490485e-06
0.0 0.0
0.0 0.0
0.0 0.0
0.0 0.0
0.0 0.0
0.0 0.0
0.0 0.0
0.0 0.0
0.0 0.0
0.0 5.947313638898777e-06
0.0 0.0
0.0 2.4127903088810854e-06
0.0 8.807386620901525e-06
0.0 0.0
0.0 0.0
0.0 0.0
0.0 0.0
0.0 0.0
0.0 0.0
0.0 -1.1668957995425444e-06
0.0 3.584330897865584e-06
0.0 0.0
0.0 0.0
0.0 -2.31701733355294e-06
0.0 0.0
0.0 -1.42699491334497e-06
0.0 0.0
0.0 1.3252316648504348e-06
0.0 1.7210946907653124e-06
0.0 1.3183663440941018e-06
0.0 0.0
0.0 0.0
0.0 0.0
0.0 0.0
0.0 0.0
0.0 0.0
0.0 -3.4679817417782033e-06
0.0 4.553607141133398e-06
0.0 0.0
0.0 1.1869921081597568e-06
0.0 4.430868102645036e-06
0.0 4.026275746582542e-06
0.0 0.0
0.0 0.0
0.0 0.0
0.0 0.0
0.0 0.0
0.0 0.0
0.0 0.0
0.0 0.0
0.0 3.6372798604134005e-06
0.0 -4.719731805380434e-06
0.0 -8.745853392611025e-07
0.0 0.0
0.0 0.0
0.0 5.295535174809629e-06
0.0 3.3855083074740833e-06
0.0 0.0
0.0 0.0
0.0 0.0
0.0 -7.406109034491237e-06
0.0 1.6956411172941444e-06
0.0 0.0
0.0 0.0
0.0 0.0
0.0 5.940845312579768e-06
0.0 1.1721738246706082e-06
0.0 0.0
0.0 0.0
0.0 0.0
0.0 0.0
0.0 0.0
0.0 0.0
0.0 0.0
0.0 0.0
0.0 0.0
0.0 0.0
0.0 0.0
0.0 -2.43093450080778e-06
0.0 0.0
0.0 1.2681857697316445e-06
0.0 0.0
0.0 0.0
0.0 1.2981414556634263e-06
0.0 -1.2008420526399277e-05
0.0 0.0
0.0 0.0
0.0 0.0
0.0 0.0
0.0 0.0
0.0 0.0
0.0 2.3374936972686555e-06
0.0 5.143641374161234e-06
0.0 -9.787390808924101e-07
0.0 -1.1636097951850388e-06
0.0 0.0
0.0 0.0
0.0 -5.293161393638002e-06
0.0 0.0
0.0 0.0
0.0 0.0
0.0 8.435396921413485e-06
0.0 0.0
0.0 0.0
0.0 1.2949629990544054e-06
0.0 0.0
0.0 0.0
0.0 0.0
0.0 0.0
0.0 0.0
0.0 0.0
0.0 -3.947328877984546e-06
0.0 1.1857968047479517e-06
0.0 0.0
0.0 0.0
0.0 0.0
0.0 0.0
0.0 0.0
0.0 0.0
0.0 0.0
0.0 0.0
0.0 0.0
0.0 0.0
0.0 0.0
0.0 0.0
0.0 -1.7768211364455055e-06
0.0 0.0
0.0 0.0
0.0 0.0
0.0 0.0
0.0 0.0
0.0 0.0
0.0 0.0
0.0 0.0
0.0 -1.1830795756395673e-06
0.0 -1.1742735068764887e-06
0.0 1.1881941190949874e-06
0.0 1.990136524909758e-06
0.0 0.0
0.0 -1.341447159575182e-06
0.0 -1.1958242112086737e-06
0.0 0.0
0.0 0.0
0.0 2.4389250938838813e-06
0.0 0.0
0.0 0.0
0.0 0.0
0.0 -1.2201461458971607e-06
0.0 0.0
0.0 2.956684284072253e-06
0.0 0.0
0.0 1.2065088412782643e-06
0.0 4.737113613373367e-06
0.0 0.0
0.0 0.0
0.0 0.0
0.0 0.0
0.0 0.0
0.0 0.0
0.0 0.0
0.0 0.0
0.0 0.0
0.0 0.0
0.0 4.698576049122494e-06
0.0 4.954846644977806e-06
0.0 9.906380000757053e-06
0.0 0.0
0.0 0.0
0.0 3.564507323972066e-06
0.0 0.0
0.0 0.0
0.0 1.0655795676939306e-06
0.0 -2.4688038138265256e-06
0.0 0.0
0.0 0.0
0.0 0.0
0.0 9.330324246548116e-06
0.0 2.9592135888378834e-06
0.0 0.0
0.0 -1.1932465895370115e-06
0.0 0.0
0.0 1.7653313761911704e-06
0.0 0.0
0.0 0.0
0.0 0.0
0.0 0.0
0.0 0.0
0.0 0.0
0.0 0.0
0.0 4.064393579028547e-06
0.0 -2.433264171486371e-06
0.0 1.190627813230094e-06
0.0 -3.5773189210885903e-06
0.0 1.911377239594003e-06
0.0 0.0
0.0 0.0
0.0 0.0
0.0 0.0
0.0 0.0
0.0 0.0
0.0 0.0
0.0 0.0
0.0 0.0
0.0 2.4389414647885133e-06
0.0 3.568270585674327e-06
0.0 -2.030779796768911e-06
0.0 -5.785587745776866e-06
0.0 1.1957920378335984e-06
0.0 0.0
0.0 3.3900237212947104e-06
0.0 -1.1874643632836523e-06
0.0 0.0
0.0 0.0
0.0 2.505583779566223e-06
0.0 9.690349997981684e-07
0.0 7.182260560512077e-06
0.0 0.0
0.0 5.029638487030752e-06
0.0 0.0
0.0 0.0
0.0 0.0
0.0 -5.058673650637502e-06
0.0 0.0
0.0 2.567002184150624e-06
0.0 0.0
0.0 1.1657209597615292e-06
0.0 0.0
0.0 -1.1948069413847406e-06
0.0 0.0
0.0 0.0
0.0 0.0
0.0 1.188249029837607e-06
0.0 -1.19247124530375e-06
0.0 2.9886955417168792e-06
0.0 0.0
0.0 0.0
0.0 3.5034377106057946e-06
0.0 -2.415648395981407e-06
0.0 0.0
0.0 0.0
0.0 0.0
0.0 3.3886951769090956e-06
0.0 0.0
0.0 0.0
0.0 0.0
0.0 0.0
0.0 1.987873247344396e-06
0.0 0.0
0.0 0.0
0.0 3.737078259291593e-06
0.0 0.0
0.0 0.0
0.0 1.2294752878005966e-06
0.0 -1.1988701089649112e-06
0.0 0.0
0.0 1.2054952094331384e-06
0.0 -1.2162233815615764e-06
0.0 -1.4933718830434373e-06
0.0 0.0
0.0 0.0
0.0 -1.168388166661316e-06
0.0 0.0
0.0 0.0
0.0 1.2522106089818408e-06
0.0 1.1921308669116115e-06
0.0 -5.663163847202668e-06
0.0 9.300660508415604e-07
0.0 0.0
0.0 0.0
0.0 0.0
0.0 0.0
0.0 0.0
0.0 0.0
0.0 0.0
0.0 0.0
0.0 -1.2159596280980622e-06
0.0 0.0
0.0 1.236411094396317e-06
0.0 0.0
0.0 1.3167967836125172e-06
0.0 0.0
0.0 0.0
0.0 0.0
0.0 0.0
0.0 0.0
0.0 0.0
0.0 0.0
0.0 7.180246939242352e-06
0.0 1.1916677067347337e-06
0.0 -1.269732138098334e-06
0.0 0.0
0.0 -1.1940339845750714e-06
0.0 1.1920961924261064e-06
0.0 5.978051376587246e-06
0.0 0.0
0.0 0.0
0.0 0.0
0.0 0.0
0.0 0.0
0.0 0.0
0.0 0.0
0.0 0.0
0.0 -1.1924690852538333e-06
0.0 0.0
0.0 0.0
0.0 -1.2480430768846418e-06
0.0 0.0
0.0 0.0
0.0 0.0
0.0 0.0
0.0 -3.0333135327964555e-06
0.0 0.0
0.0 3.865437520289561e-06
0.0 0.0
0.0 0.0
0.0 0.0
0.0 0.0
0.0 2.5371755327796564e-06
0.0 1.1971285402978538e-06
0.0 6.06272760705906e-06
0.0 1.1940109061470139e-06
0.0 -2.379867510171607e-06
0.0 0.0
0.0 0.0
0.0 0.0
0.0 0.0
0.0 0.0
0.0 0.0
0.0 0.0
0.0 0.0
0.0 -1.052770130627323e-05
0.0 -8.91244212652964e-07
0.0 -1.1951876786042703e-06
0.0 -2.477854195603868e-06
0.0 -5.918031547480496e-06
0.0 0.0
0.0 0.0
0.0 0.0
0.0 -1.4248087154555833e-06
0.0 0.0
0.0 0.0
0.0 0.0
0.0 0.0
0.0 0.0
0.0 0.0
0.0 7.763614121358842e-06
0.0 0.0
0.0 -2.6900224838755094e-06
0.0 -1.1959790526816505e-06
0.0 -1.189236513710057e-06
0.0 0.0
0.0 0.0
0.0 0.0
0.0 0.0
0.0 0.0
0.0 0.0
0.0 0.0
0.0 3.575547452783212e-06
0.0 0.0
0.0 2.4021258013817715e-06
0.0 4.780151812155964e-06
0.0 0.0
0.0 0.0
0.0 0.0
0.0 0.0
0.0 0.0
0.0 0.0
0.0 0.0
0.0 0.0
0.0 0.0
0.0 -6.021990884619299e-06
0.0 0.0
0.0 4.685540261561982e-06
0.0 0.0
0.0 0.0
0.0 7.15766918801819e-06
0.0 1.1943005802095286e-06
0.0 0.0
0.0 0.0
0.0 0.0
0.0 0.0
0.0 0.0
0.0 0.0
0.0 0.0
0.0 0.0
0.0 0.0
0.0 0.0
0.0 -8.723532118892763e-07
0.0 -3.5787529668596108e-06
0.0 -3.7883371533098398e-06
0.0 0.0
0.0 8.964869948613341e-07
0.0 0.0
0.0 0.0
0.0 0.0
0.0 0.0
0.0 6.493904038507026e-06
0.0 1.1751718602681649e-06
0.0 0.0
0.0 0.0
0.0 1.1679406952680438e-06
0.0 -5.164368758414639e-06
0.0 3.4559177493065363e-06
0.0 0.0
0.0 0.0
0.0 0.0
0.0 0.0
0.0 0.0
0.0 0.0
0.0 0.0
0.0 0.0
0.0 0.0
0.0 4.681767677539028e-06
0.0 0.0
0.0 0.0
0.0 8.972412501861982e-07
0.0 0.0
0.0 1.168614403468382e-06
0.0 0.0
0.0 5.278297066979576e-06
0.0 0.0
0.0 0.0
0.0 0.0
0.0 0.0
0.0 0.0
0.0 0.0
0.0 0.0
0.0 0.0
0.0 -1.1644107189567876e-06
0.0 2.546867790442775e-06
0.0 1.8816222109308e-06
0.0 4.433942649484379e-06
0.0 0.0
0.0 1.1697608215399669e-06
0.0 0.0
0.0 0.0
0.0 0.0
0.0 0.0
0.0 0.0
0.0 0.0
0.0 -1.1706417808454717e-06
0.0 0.0
0.0 2.9984189495735336e-06
0.0 3.5899940939998487e-06
0.0 -1.2075632866981323e-06
0.0 -2.3349236926151207e-06
0.0 0.0
0.0 0.0
0.0 0.0
0.0 0.0
0.0 0.0
0.0 0.0
0.0 0.0
0.0 1.1959881476286682e-06
0.0 0.0
0.0 4.339466158853611e-06
0.0 1.165414346360194e-06
0.0 -1.2419872064128867e-06
0.0 0.0
0.0 3.97193889511982e-06
0.0 0.0
0.0 -1.1952030263273627e-06
0.0 0.0
0.0 -9.611708264856134e-06
0.0 0.0
0.0 4.8634278755343985e-06
0.0 1.1817891163445893e-06
0.0 0.0
0.0 0.0
0.0 -7.29286784917349e-06
0.0 0.0
0.0 8.806183586784755e-07
0.0 0.0
0.0 -1.1476017789391335e-06
0.0 0.0
0.0 -9.30653868636e-07
0.0 0.0
0.0 0.0
0.0 0.0
0.0 0.0
0.0 0.0
0.0 0.0
0.0 4.4447638174460735e-06
0.0 -8.567477038923244e-07
0.0 0.0
0.0 2.541840558478725e-06
0.0 0.0
0.0 0.0
0.0 0.0
0.0 -5.946574674453586e-06
0.0 0.0
0.0 0.0
0.0 0.0
0.0 8.56296992424177e-06
0.0 0.0
0.0 0.0
0.0 0.0
0.0 -1.2983804481336847e-05
0.0 2.9103850920364494e-06
0.0 2.4507439775334205e-06
0.0 0.0
0.0 0.0
0.0 9.472703936808102e-07
0.0 0.0
0.0 0.0
0.0 0.0
0.0 0.0
0.0 0.0
0.0 0.0
0.0 0.0
0.0 2.912630861828802e-06
0.0 5.968760888208635e-06
0.0 1.1986959407295217e-06
0.0 -1.2742544868160621e-06
0.0 -5.804358352179406e-06
0.0 0.0
0.0 2.4204903183999704e-06
0.0 5.863962542207446e-06
0.0 0.0
0.0 0.0
0.0 0.0
0.0 0.0
0.0 0.0
0.0 8.387839329770941e-07
0.0 2.356929144298192e-06
0.0 0.0
0.0 1.4861712998026633e-06
0.0 0.0
0.0 1.2035095551254926e-06
0.0 5.733666057494702e-06
0.0 0.0
0.0 0.0
0.0 0.0
0.0 0.0
0.0 -5.962569048278965e-06
0.0 0.0
0.0 0.0
0.0 -1.1933233281524736e-06
0.0 0.0
0.0 0.0
0.0 3.5192183531762566e-06
0.0 3.7616491681546904e-06
0.0 0.0
0.0 0.0
0.0 5.939322363701649e-06
0.0 4.7687422011222225e-06
0.0 0.0
0.0 0.0
0.0 0.0
0.0 0.0
0.0 0.0
0.0 0.0
0.0 1.1671629636111902e-06
0.0 0.0
0.0 0.0
0.0 0.0
0.0 0.0
0.0 -4.687029104388785e-06
0.0 0.0
0.0 0.0
0.0 0.0
0.0 0.0
0.0 0.0
0.0 0.0
0.0 0.0
0.0 0.0
0.0 0.0
0.0 0.0
0.0 -9.524858342047082e-07
0.0 1.2332707228779327e-06
0.0 -4.093755705980584e-06
0.0 0.0
0.0 0.0
0.0 -4.776135028805584e-06
0.0 0.0
0.0 0.0
0.0 0.0
0.0 0.0
0.0 -4.758965587825514e-06
0.0 0.0
0.0 -3.5490702430251986e-06
0.0 0.0
0.0 0.0
0.0 1.1964785926465993e-06
0.0 0.0
0.0 0.0
0.0 0.0
0.0 1.3520073025574675e-06
0.0 0.0
0.0 0.0
0.0 0.0
0.0 0.0
0.0 0.0
0.0 -1.1948058045163634e-06
0.0 -6.074581051507266e-06
0.0 0.0
0.0 0.0
0.0 0.0
0.0 0.0
0.0 0.0
0.0 -1.998090965571464e-06
0.0 5.84319877816597e-06
0.0 0.0
0.0 0.0
0.0 8.645864113532298e-07
0.0 -4.791849278262816e-06
0.0 0.0
0.0 0.0
0.0 6.010545803292189e-06
0.0 3.5260632103017997e-06
0.0 0.0
0.0 8.79398726283398e-07
0.0 0.0
0.0 -3.4797565149347065e-06
0.0 0.0
0.0 0.0
0.0 0.0
0.0 -1.183858103104285e-06
0.0 0.0
0.0 0.0
0.0 0.0
0.0 -2.350005843254621e-06
0.0 0.0
0.0 0.0
0.0 3.784706223086687e-06
0.0 0.0
0.0 5.602428700512974e-06
0.0 3.919059054169338e-06
0.0 -5.971001883153804e-06
0.0 0.0
0.0 0.0
0.0 0.0
0.0 0.0
0.0 0.0
0.0 0.0
0.0 0.0
0.0 -9.644387546359212e-07
0.0 0.0
0.0 0.0
0.0 4.662235824071104e-06
0.0 1.175270199382794e-06
0.0 -3.4704971767496318e-06
0.0 0.0
0.0 0.0
0.0 0.0
0.0 0.0
0.0 1.052062270900933e-05
0.0 0.0
0.0 0.0
0.0 0.0
0.0 0.0
0.0 -2.430599579383852e-06
0.0 -1.192044919662294e-06
0.0 1.271138557967788e-06
0.0 7.060151801852044e-06
0.0 -2.6599059310683515e-06
0.0 1.0230079396933434e-06
0.0 0.0
0.0 0.0
0.0 0.0
0.0 0.0
0.0 0.0
0.0 0.0
0.0 0.0
0.0 0.0
0.0 0.0
0.0 0.0
0.0 1.7518452750664437e-06
0.0 0.0
0.0 3.4311588024138473e-06
0.04350121991968601 -0.3666250705718994
0.0 -3.492755889892578
0.0 -1.3384990692138672
0.0 -0.52508544921875
0.0 -1.4389772415161133
0.0 0.41530555486679077
0.0 0.0011924654245376587
0.022048830711266093 -0.060046304017305374
0.00024071370078498618 -0.0008218488655984402
8.135236431153511e-05 -0.0004999779630452394
9.656835600910135e-05 -0.0007013277499936521
0.0 0.0
0.0 2.3563428840134293e-05
0.0 3.111519981757738e-05
0.0 4.76835612062132e-06
0.0 0.0
0.012457839194779809 0.11068875342607498
0.0 0.0
0.0 0.0
0.0 0.0
0.0 0.0
0.0 0.0
0.0 0.0
0.0 8.504222250849125e-07
0.0 -1.4192463595463778e-06
0.0 -1.1702614983732929e-06
0.0 6.476808721345151e-06
0.01573018952286738 -0.06493806093931198
0.004603340725041242 -0.1080421656370163
0.0023541529354420367 0.01754462718963623
0.0 0.0
0.0 2.361907718295697e-06
0.0 1.147080865848693e-06
0.0 0.0
0.0 0.0
0.0 0.0
0.0 0.0
0.00015584527147297436 -0.0011483163107186556
1.0111566505228584e-07 -7.603897392982617e-05
0.0 6.2386416175286286e-06
0.0 0.0
0.0 0.0
0.0 1.665829813646269e-06
0.0 0.0
0.0 0.0
0.0 0.0
0.0 0.0
0.0 0.0
0.0 0.0
0.0 0.0
0.0 9.778067351362552e-07
0.0 -5.913511358812684e-06
0.0 -1.454230300623749e-06
0.0 0.0
0.25990479829747043 -0.18878941237926483
0.2437626426166491 -0.08276835829019547
0.25482195948244324 0.06536894291639328
0.2626029312182269 -0.0800665020942688
0.274937970605834 -0.01162266731262207
0.2528231583240711 -0.0029840951319783926
0.26119502863541816 0.08906769752502441
0.24473543749405147 0.07034596055746078
0.2659794334463497 -0.061804961413145065
0.23307921598707296 0.08139101415872574
0.153207596488806 0.14655055105686188
0.06433893106920097 0.29967889189720154
0.0015785272241644493 -0.2499847263097763
0.0027933772494539593 -0.2576066851615906
0.0004821681687991867 -0.2511012852191925
0.008934304070333304 0.03919195756316185
0.018057810001375036 0.1350310891866684
0.019044550103011426 0.1429765820503235
0.0022167417059057943 -0.2903018891811371
0.0016552417753764902 -0.24620868265628815
0.0028767311786003944 -0.37506458163261414
0.032472430742326835 0.0
0.00866805992259827 -0.0923779308795929
0.026220894776522084 -0.013053083792328835
0.00231971818028259 -0.28383496403694153
0.0020480457336789805 1.010338306427002
0.004167431028295707 0.6587746143341064
0.05552088599298097 -0.03448500856757164
0.048073313334686174 -0.029111744835972786
0.005659483746459785 0.029233388602733612
0.035260848718442005 -0.06838986277580261
0.028890943341224905 0.0
0.010984037330635217 0.15231651067733765
0.001032296134609285 -0.25687265396118164
0.031951603539051736 -0.2237875908613205
0.2629072794743745 0.2839614152908325
0.23945924662687929 0.24344360828399658
0.2574295610859535 0.4927847683429718
0.2406260627388844 0.49365735054016113
0.23838703574071482 0.5504591464996338
0.2394120582239508 0.5543839931488037
0.23754970902567957 0.5255338549613953
0.2614811564845149 0.3714887797832489
0.2620311196628149 0.3596789240837097
0.26655300715525015 0.21116681396961212
0.2384617716329286 0.09835857897996902
0.21136259223398915 0.05832632631063461
0.13141815218700695 0.13756127655506134
0.0948517904933117 0.07462600618600845
0.0680616401747978 1.4965409036449273e-06
0.057454541032340815 0.0257918331772089
0.0405491877410193 -0.027953431010246277
0.03506173171340399 0.005898806732147932
0.03559977111524471 -0.014479022473096848
0.029986278441232583 0.01970207504928112
0.0006831515763951951 -0.2345966100692749
0.004625382957389387 -0.21187926828861237
0.13651869082119736 0.0
0.03329425741703742 -0.021742230281233788
0.04545501908660077 0.0
0.03421703364341497 0.02526710368692875
0.006438215077931136 -0.3346402645111084
0.0019208548664011826 -0.271115243434906
0.003474295318118782 -0.26526618003845215
0.043776532588142854 0.2836805582046509
0.03843516982897341 0.061343878507614136
0.035873048168716795 0.0518694706261158
0.01537066837524393 -0.1349029690027237
0.027563745737019023 -0.02649097517132759
0.26249321165066547 0.1538856029510498
0.2503540568236965 0.1544264853000641
0.2675858786616695 0.3092324137687683
0.2555842907688661 0.3554135859012604
0.25051895949646674 0.4447697401046753
0.23499527882538637 0.34787511825561523
0.263458464958228 0.4609926640987396
0.23151793674884383 0.36810413002967834
0.25994934617807913 0.1914965659379959
0.26427505494352754 0.3897441327571869
0.25186846231565885 0.07126427441835403
0.26919030837466407 0.01973266899585724
0.24106332736652178 -0.05658318102359772
0.2390387700267184 -0.1457488089799881
0.2576200274745461 -0.28140950202941895
0.255389952168109 -0.3650487959384918
0.23751730470587998 -0.36234530806541443
0.25682715322148747 -0.35027948021888733
0.1813606804833766 -0.37473538517951965
0.2117805215217723 -0.10113534331321716
0.26134213058299677 -0.05577796697616577
0.2403404449021064 -0.04027879983186722
0.25507894153301425 -0.3759242296218872
0.24842914679156675 -0.41156503558158875
0.24348224574330657 -0.34387317299842834
0.2574961600236809 -0.15349234640598297
0.24480800252333534 -0.08580584079027176
0.23935613020597893 -0.1268998086452484
0.26163781206557685 0.1495056003332138
0.2628219927419577 0.16831761598587036
0.23949053314222044 0.19175535440444946
0.26261205963078593 0.06661885231733322
0.2411809354803432 -0.0942544937133789
0.21589059911909192 -0.16032817959785461
0.006493132114356452 0.9643481969833374
0.0015857991652791126 0.7189925909042358
0.0025043417725971358 0.7417081594467163
0.02992768269576291 0.965563952922821
0.1264014327691026 1.0673954486846924
0.13829264508634417 0.8661555051803589
0.016619104133593056 1.026727557182312
0.016116926660788577 0.9048159122467041
0.01013916487107403 0.8589320182800293
0.03016794680130337 0.9371584057807922
0.06939977888036988 0.8754416704177856
0.20024271380478464 0.8961067795753479
0.06480779374449057 0.6057180762290955
0.00570729321638524 -0.9712133407592773
0.00679578923247797 -0.7361718416213989
0.027192160987200464 -1.0452231168746948
0.18964395666848008 -1.0082277059555054
0.1142531053629725 -0.6928108930587769
0.08472613206312182 -0.5652036070823669
0.08111785467790311 -0.44270244240760803
0.03252300525166902 -0.3188428282737732
0.08290953183872697 -0.08538296073675156
0.010185058236925811 -0.4347437918186188
0.007961442418224923 -1.0125408172607422
0.0547688530974937 -0.9979872107505798
0.04137084665162198 -0.9075077772140503
0.2166396944025632 -0.8451265096664429
0.220181934629595 -0.8169866800308228
0.18658228571923735 -0.7348294258117676
0.18611029224916004 -0.550527036190033
0.00849479947161234 -0.7980135083198547
0.001517747691502653 0.6178154945373535
0.0031075578324243134 0.5171235799789429
0.000620755548122214 0.3823671340942383
0.004216437643150244 0.202875554561615
0.0028217967360898203 0.227292999625206
1.5957321125496762e-05 -6.981274782447144e-05
0.0 0.0
0.00017462699229167972 0.0010056243045255542
0.0 0.0
0.0 0.0
0.0 0.0
0.0 0.0
0.0 0.0
1.905527844950845e-05 0.00014647739590145648
7.615215172078683e-08 6.092172407079488e-05
2.273665757978664e-05 9.520685125607997e-05
2.820461686078739e-05 0.00017010100418701768
1.542762612384955e-05 0.00011666341742966324
3.720648385162069e-05 0.00022555353643838316
0.0 -1.3575620414485456e-06
0.0 0.0
0.0 0.0
1.9428913610491985e-05 0.00014449263107962906
0.0 5.690155830961885e-06
0.0 0.0
0.0 0.0
0.0 0.0
9.371234808402288e-05 0.0006544844363816082
2.784578084240969e-05 0.00015923548198770732
1.856098161081436e-05 0.0001345578784821555
3.999435726954256e-05 0.00021745894628111273
2.310202164084011e-05 9.962443436961621e-05
