1705267657.237749
1705267657.737944
1705267658.237778
1705267658.737792
1705267659.237958
1705267659.737735
1705267660.237965
1705267660.737843
1705267661.237742
1705267661.737735
1705267662.237739
1705267662.737914
1705267663.237735
1705267663.737957
1705267664.237763
1705267664.737750
1705267665.237743
1705267665.737788
1705267666.238077
1705267666.737969
1705267667.237835
1705267667.737778
1705267668.237733
1705267668.737829
1705267669.237757
1705267669.737827
1705267670.237732
1705267670.737737
1705267671.237735
1705267671.737745
1705267672.237763
1705267672.737773
1705267673.237796
1705267673.737731
1705267674.237879
1705267674.738107
1705267675.237879
1705267675.737896
1705267676.237765
1705267676.737735
1705267677.237884
1705267677.737836
1705267678.237753
1705267678.737754
1705267679.237730
1705267679.737767
1705267680.237782
1705267680.737733
1705267681.237746
1705267681.737739
1705267682.238050
1705267682.737771
1705267683.237828
1705267683.737770
1705267684.237763
1705267684.737721
1705267685.237780
1705267685.737994
1705267686.237743
1705267686.738096
1705267687.237802
1705267687.737741
1705267688.237726
1705267688.737727
1705267689.237970
1705267689.737746
1705267690.237779
1705267690.738017
1705267691.237846
1705267691.737755
1705267692.237741
1705267692.737735
1705267693.237738
1705267693.737733
1705267694.237821
1705267694.737762
1705267695.237731
1705267695.737730
1705267696.237754
1705267696.737761
1705267697.238126
1705267697.738060
1705267698.237750
1705267698.737683
1705267699.237779
1705267699.737850
1705267700.238024
1705267700.737898
1705267701.237781
1705267701.737959
1705267702.237736
1705267702.737768
1705267703.237732
1705267703.737776
1705267704.237726
1705267704.737782
1705267705.237961
1705267705.737774
1705267706.237737
1705267706.737876
1705267707.237826
1705267707.737901
1705267708.237782
1705267708.737887
1705267709.237989
1705267709.737729
1705267710.237721
1705267710.737717
1705267711.237720
1705267711.737826
1705267712.237830
1705267712.737907
1705267713.237783
1705267713.738056
1705267714.237972
1705267714.737971
1705267715.237734
1705267715.737965
1705267716.237734
1705267716.737733
1705267717.237743
1705267717.738045
1705267718.237734
1705267718.737902
1705267719.237892
1705267719.737732
1705267720.237841
1705267720.737727
1705267721.237760
1705267721.737830
1705267722.237772
1705267722.737960
1705267723.237766
1705267723.737811
1705267724.237744
1705267724.738024
1705267725.237781
1705267725.737888
1705267726.237769
1705267726.737827
1705267727.238005
1705267727.738007
1705267728.237774
1705267728.738009
1705267729.237780
1705267729.738018
1705267730.238071
1705267730.737763
1705267731.237802
1705267731.737824
1705267732.237723
1705267732.737777
1705267733.238132
1705267733.737924
1705267734.237870
1705267734.737840
1705267735.237973
1705267735.737899
1705267736.237968
1705267736.737769
1705267737.237820
1705267737.737874
1705267738.237856
1705267738.738025
1705267739.237972
1705267739.737816
