0.259905 -0.188789
0.243763 -0.082768
0.254822 0.065369
0.262603 -0.080067
0.274938 -0.011623
0.252823 -0.002984
0.261195 0.089068
0.244735 0.070346
0.265979 -0.061805
0.233079 0.081391
0.153208 0.146551
0.064339 0.299679
0.001579 -0.249985
0.002793 -0.257607
0.000482 -0.251101
0.008934 0.039192
0.018058 0.135031
0.019045 0.142977
0.002217 -0.290302
0.001655 -0.246209
0.002877 -0.375065
0.032472 0.000000
0.008668 -0.092378
0.026221 -0.013053
0.002320 -0.283835
0.002048 1.010338
0.004167 0.658775
0.055521 -0.034485
0.048073 -0.029112
0.005659 0.029233
0.035261 -0.068390
0.028891 0.000000
0.010984 0.152317
0.001032 -0.256873
0.031952 -0.223788
0.262907 0.283961
0.239459 0.243444
0.257430 0.492785
0.240626 0.493657
0.238387 0.550459
0.239412 0.554384
0.237550 0.525534
0.261481 0.371489
0.262031 0.359679
0.266553 0.211167
0.238462 0.098359
0.211363 0.058326
0.131418 0.137561
0.094852 0.074626
0.068062 0.000001
0.057455 0.025792
0.040549 -0.027953
0.035062 0.005899
0.035600 -0.014479
0.029986 0.019702
0.000683 -0.234597
0.004625 -0.211879
0.136519 0.000000
0.033294 -0.021742
0.045455 0.000000
0.034217 0.025267
0.006438 -0.334640
0.001921 -0.271115
0.003474 -0.265266
0.043777 0.283681
0.038435 0.061344
0.035873 0.051869
0.015371 -0.134903
0.027564 -0.026491
0.262493 0.153886
0.250354 0.154426
0.267586 0.309232
0.255584 0.355414
0.250519 0.444770
0.234995 0.347875
0.263458 0.460993
0.231518 0.368104
0.259949 0.191497
0.264275 0.389744
0.251868 0.071264
0.269190 0.019733
0.241063 -0.056583
0.239039 -0.145749
0.257620 -0.281410
0.255390 -0.365049
0.237517 -0.362345
0.256827 -0.350279
0.181361 -0.374735
0.211781 -0.101135
0.261342 -0.055778
0.240340 -0.040279
0.255079 -0.375924
0.248429 -0.411565
0.243482 -0.343873
0.257496 -0.153492
0.244808 -0.085806
0.239356 -0.126900
0.261638 0.149506
0.262822 0.168318
0.239491 0.191755
0.262612 0.066619
0.241181 -0.094254
0.215891 -0.160328
0.006493 0.964348
0.001586 0.718993
0.002504 0.741708
0.029928 0.965564
0.126401 1.067395
0.138293 0.866156
0.016619 1.026728
0.016117 0.904816
0.010139 0.858932
0.030168 0.937158
0.069400 0.875442
0.200243 0.896107
0.064808 0.605718
0.005707 -0.971213
0.006796 -0.736172
0.027192 -1.045223
0.189644 -1.008228
0.114253 -0.692811
0.084726 -0.565204
0.081118 -0.442702
0.032523 -0.318843
0.082910 -0.085383
0.010185 -0.434744
0.007961 -1.012541
0.054769 -0.997987
0.041371 -0.907508
0.216640 -0.845127
0.220182 -0.816987
0.186582 -0.734829
0.186110 -0.550527
0.008495 -0.798014
0.001518 0.617815
0.003108 0.517124
0.000621 0.382367
0.004216 0.202876
0.002822 0.227293
0.000016 -0.000070
0.000000 0.000000
0.000175 0.001006
0.000000 0.000000
0.000000 0.000000
0.000000 0.000000
0.000000 0.000000
0.000000 0.000000
0.000019 0.000146
0.000000 0.000061
0.000023 0.000095
0.000028 0.000170
0.000015 0.000117
0.000037 0.000226
0.000000 -0.000001
0.000000 0.000000
0.000000 0.000000
0.000019 0.000144
0.000000 0.000006
0.000000 0.000000
0.000000 0.000000
0.000000 0.000000
0.000094 0.000654
0.000028 0.000159
0.000019 0.000135
0.000040 0.000217
0.000023 0.000100
